-7,-143,y1iZjCZkLtlgrmRGsIbQ5AXBMjQ=,I2RQL98h6CLYRowR0ccNLQHfrB0=
-2,-138,y1iZjCZkLtlgrmRGsIbQ5AXBMjQ=,I2RQL98h6CLYRowR0ccNLQHfrB0=
-3,-138,y1iZjCZkLtlgrmRGsIbQ5AXBMjQ=,I2RQL98h6CLYRowR0ccNLQHfrB0=
-4,-138,y1iZjCZkLtlgrmRGsIbQ5AXBMjQ=,I2RQL98h6CLYRowR0ccNLQHfrB0=
-5,-138,y1iZjCZkLtlgrmRGsIbQ5AXBMjQ=,I2RQL98h6CLYRowR0ccNLQHfrB0=
-6,-138,y1iZjCZkLtlgrmRGsIbQ5AXBMjQ=,I2RQL98h6CLYRowR0ccNLQHfrB0=
-7,-138,y1iZjCZkLtlgrmRGsIbQ5AXBMjQ=,I2RQL98h6CLYRowR0ccNLQHfrB0=
-3,-139,y1iZjCZkLtlgrmRGsIbQ5AXBMjQ=,I2RQL98h6CLYRowR0ccNLQHfrB0=
-4,-139,y1iZjCZkLtlgrmRGsIbQ5AXBMjQ=,I2RQL98h6CLYRowR0ccNLQHfrB0=
-5,-139,y1iZjCZkLtlgrmRGsIbQ5AXBMjQ=,I2RQL98h6CLYRowR0ccNLQHfrB0=
-6,-139,y1iZjCZkLtlgrmRGsIbQ5AXBMjQ=,I2RQL98h6CLYRowR0ccNLQHfrB0=
-7,-139,y1iZjCZkLtlgrmRGsIbQ5AXBMjQ=,I2RQL98h6CLYRowR0ccNLQHfrB0=
-2,-140,y1iZjCZkLtlgrmRGsIbQ5AXBMjQ=,I2RQL98h6CLYRowR0ccNLQHfrB0=
-3,-140,y1iZjCZkLtlgrmRGsIbQ5AXBMjQ=,I2RQL98h6CLYRowR0ccNLQHfrB0=
-4,-140,y1iZjCZkLtlgrmRGsIbQ5AXBMjQ=,I2RQL98h6CLYRowR0ccNLQHfrB0=
-5,-140,y1iZjCZkLtlgrmRGsIbQ5AXBMjQ=,I2RQL98h6CLYRowR0ccNLQHfrB0=
-7,-140,y1iZjCZkLtlgrmRGsIbQ5AXBMjQ=,I2RQL98h6CLYRowR0ccNLQHfrB0=
-2,-141,y1iZjCZkLtlgrmRGsIbQ5AXBMjQ=,I2RQL98h6CLYRowR0ccNLQHfrB0=
-6,-140,y1iZjCZkLtlgrmRGsIbQ5AXBMjQ=,I2RQL98h6CLYRowR0ccNLQHfrB0=
-4,-141,y1iZjCZkLtlgrmRGsIbQ5AXBMjQ=,I2RQL98h6CLYRowR0ccNLQHfrB0=
-5,-141,y1iZjCZkLtlgrmRGsIbQ5AXBMjQ=,I2RQL98h6CLYRowR0ccNLQHfrB0=
-7,-141,y1iZjCZkLtlgrmRGsIbQ5AXBMjQ=,I2RQL98h6CLYRowR0ccNLQHfrB0=
-6,-141,y1iZjCZkLtlgrmRGsIbQ5AXBMjQ=,I2RQL98h6CLYRowR0ccNLQHfrB0=
-2,-142,y1iZjCZkLtlgrmRGsIbQ5AXBMjQ=,I2RQL98h6CLYRowR0ccNLQHfrB0=
-4,-142,y1iZjCZkLtlgrmRGsIbQ5AXBMjQ=,I2RQL98h6CLYRowR0ccNLQHfrB0=
-5,-142,y1iZjCZkLtlgrmRGsIbQ5AXBMjQ=,I2RQL98h6CLYRowR0ccNLQHfrB0=
-6,-142,y1iZjCZkLtlgrmRGsIbQ5AXBMjQ=,I2RQL98h6CLYRowR0ccNLQHfrB0=
-7,-142,y1iZjCZkLtlgrmRGsIbQ5AXBMjQ=,I2RQL98h6CLYRowR0ccNLQHfrB0=
-2,-143,y1iZjCZkLtlgrmRGsIbQ5AXBMjQ=,I2RQL98h6CLYRowR0ccNLQHfrB0=
-3,-143,y1iZjCZkLtlgrmRGsIbQ5AXBMjQ=,I2RQL98h6CLYRowR0ccNLQHfrB0=
-4,-143,y1iZjCZkLtlgrmRGsIbQ5AXBMjQ=,I2RQL98h6CLYRowR0ccNLQHfrB0=
-5,-143,y1iZjCZkLtlgrmRGsIbQ5AXBMjQ=,I2RQL98h6CLYRowR0ccNLQHfrB0=
-6,-143,y1iZjCZkLtlgrmRGsIbQ5AXBMjQ=,I2RQL98h6CLYRowR0ccNLQHfrB0=
-4,-132,y1iZjCZkLtlgrmRGsIbQ5AXBMjQ=,TkLNRlJdiNiECqERQuzMgwE4AlY=
-6,-134,y1iZjCZkLtlgrmRGsIbQ5AXBMjQ=,TkLNRlJdiNiECqERQuzMgwE4AlY=
-7,-135,y1iZjCZkLtlgrmRGsIbQ5AXBMjQ=,TkLNRlJdiNiECqERQuzMgwE4AlY=
-3,-132,y1iZjCZkLtlgrmRGsIbQ5AXBMjQ=,TkLNRlJdiNiECqERQuzMgwE4AlY=
-6,-135,y1iZjCZkLtlgrmRGsIbQ5AXBMjQ=,TkLNRlJdiNiECqERQuzMgwE4AlY=
-5,-134,y1iZjCZkLtlgrmRGsIbQ5AXBMjQ=,TkLNRlJdiNiECqERQuzMgwE4AlY=
-4,-134,y1iZjCZkLtlgrmRGsIbQ5AXBMjQ=,TkLNRlJdiNiECqERQuzMgwE4AlY=
-5,-135,y1iZjCZkLtlgrmRGsIbQ5AXBMjQ=,TkLNRlJdiNiECqERQuzMgwE4AlY=
-2,-131,y1iZjCZkLtlgrmRGsIbQ5AXBMjQ=,TkLNRlJdiNiECqERQuzMgwE4AlY=
-4,-135,y1iZjCZkLtlgrmRGsIbQ5AXBMjQ=,TkLNRlJdiNiECqERQuzMgwE4AlY=
-3,-134,y1iZjCZkLtlgrmRGsIbQ5AXBMjQ=,TkLNRlJdiNiECqERQuzMgwE4AlY=
-7,-137,y1iZjCZkLtlgrmRGsIbQ5AXBMjQ=,I2RQL98h6CLYRowR0ccNLQHfrB0=
-3,-135,y1iZjCZkLtlgrmRGsIbQ5AXBMjQ=,TkLNRlJdiNiECqERQuzMgwE4AlY=
-6,-137,y1iZjCZkLtlgrmRGsIbQ5AXBMjQ=,I2RQL98h6CLYRowR0ccNLQHfrB0=
-5,-137,y1iZjCZkLtlgrmRGsIbQ5AXBMjQ=,I2RQL98h6CLYRowR0ccNLQHfrB0=
-4,-137,y1iZjCZkLtlgrmRGsIbQ5AXBMjQ=,I2RQL98h6CLYRowR0ccNLQHfrB0=
-2,-137,y1iZjCZkLtlgrmRGsIbQ5AXBMjQ=,I2RQL98h6CLYRowR0ccNLQHfrB0=
-7,-130,y1iZjCZkLtlgrmRGsIbQ5AXBMjQ=,TkLNRlJdiNiECqERQuzMgwE4AlY=
-2,-134,y1iZjCZkLtlgrmRGsIbQ5AXBMjQ=,TkLNRlJdiNiECqERQuzMgwE4AlY=
-4,-136,y1iZjCZkLtlgrmRGsIbQ5AXBMjQ=,TkLNRlJdiNiECqERQuzMgwE4AlY=
-6,-130,y1iZjCZkLtlgrmRGsIbQ5AXBMjQ=,TkLNRlJdiNiECqERQuzMgwE4AlY=
-4,-133,y1iZjCZkLtlgrmRGsIbQ5AXBMjQ=,TkLNRlJdiNiECqERQuzMgwE4AlY=
-7,-131,y1iZjCZkLtlgrmRGsIbQ5AXBMjQ=,TkLNRlJdiNiECqERQuzMgwE4AlY=
-5,-130,y1iZjCZkLtlgrmRGsIbQ5AXBMjQ=,TkLNRlJdiNiECqERQuzMgwE4AlY=
-2,-136,y1iZjCZkLtlgrmRGsIbQ5AXBMjQ=,TkLNRlJdiNiECqERQuzMgwE4AlY=
-3,-133,y1iZjCZkLtlgrmRGsIbQ5AXBMjQ=,TkLNRlJdiNiECqERQuzMgwE4AlY=
-4,-130,y1iZjCZkLtlgrmRGsIbQ5AXBMjQ=,TkLNRlJdiNiECqERQuzMgwE4AlY=
-6,-131,y1iZjCZkLtlgrmRGsIbQ5AXBMjQ=,TkLNRlJdiNiECqERQuzMgwE4AlY=
-7,-136,y1iZjCZkLtlgrmRGsIbQ5AXBMjQ=,TkLNRlJdiNiECqERQuzMgwE4AlY=
-7,-133,y1iZjCZkLtlgrmRGsIbQ5AXBMjQ=,TkLNRlJdiNiECqERQuzMgwE4AlY=
-6,-133,y1iZjCZkLtlgrmRGsIbQ5AXBMjQ=,TkLNRlJdiNiECqERQuzMgwE4AlY=
-6,-136,y1iZjCZkLtlgrmRGsIbQ5AXBMjQ=,TkLNRlJdiNiECqERQuzMgwE4AlY=
-5,-136,y1iZjCZkLtlgrmRGsIbQ5AXBMjQ=,TkLNRlJdiNiECqERQuzMgwE4AlY=
-7,-132,y1iZjCZkLtlgrmRGsIbQ5AXBMjQ=,TkLNRlJdiNiECqERQuzMgwE4AlY=
-7,-134,y1iZjCZkLtlgrmRGsIbQ5AXBMjQ=,TkLNRlJdiNiECqERQuzMgwE4AlY=
-3,-136,y1iZjCZkLtlgrmRGsIbQ5AXBMjQ=,TkLNRlJdiNiECqERQuzMgwE4AlY=
-6,-132,y1iZjCZkLtlgrmRGsIbQ5AXBMjQ=,TkLNRlJdiNiECqERQuzMgwE4AlY=
-5,-131,y1iZjCZkLtlgrmRGsIbQ5AXBMjQ=,TkLNRlJdiNiECqERQuzMgwE4AlY=
-4,-131,y1iZjCZkLtlgrmRGsIbQ5AXBMjQ=,TkLNRlJdiNiECqERQuzMgwE4AlY=
-5,-132,y1iZjCZkLtlgrmRGsIbQ5AXBMjQ=,TkLNRlJdiNiECqERQuzMgwE4AlY=
-5,-133,y1iZjCZkLtlgrmRGsIbQ5AXBMjQ=,TkLNRlJdiNiECqERQuzMgwE4AlY=
-3,-131,y1iZjCZkLtlgrmRGsIbQ5AXBMjQ=,TkLNRlJdiNiECqERQuzMgwE4AlY=
-1,-131,y1iZjCZkLtlgrmRGsIbQ5AXBMjQ=,TkLNRlJdiNiECqERQuzMgwE4AlY=
-1,-132,y1iZjCZkLtlgrmRGsIbQ5AXBMjQ=,TkLNRlJdiNiECqERQuzMgwE4AlY=
-1,-135,y1iZjCZkLtlgrmRGsIbQ5AXBMjQ=,TkLNRlJdiNiECqERQuzMgwE4AlY=
-1,-134,y1iZjCZkLtlgrmRGsIbQ5AXBMjQ=,TkLNRlJdiNiECqERQuzMgwE4AlY=
-1,-133,y1iZjCZkLtlgrmRGsIbQ5AXBMjQ=,TkLNRlJdiNiECqERQuzMgwE4AlY=
-7,-144,y1iZjCZkLtlgrmRGsIbQ5AXBMjQ=,I2RQL98h6CLYRowR0ccNLQHfrB0=
-6,-144,y1iZjCZkLtlgrmRGsIbQ5AXBMjQ=,I2RQL98h6CLYRowR0ccNLQHfrB0=
-5,-144,y1iZjCZkLtlgrmRGsIbQ5AXBMjQ=,I2RQL98h6CLYRowR0ccNLQHfrB0=
-3,-144,y1iZjCZkLtlgrmRGsIbQ5AXBMjQ=,I2RQL98h6CLYRowR0ccNLQHfrB0=
-2,-144,y1iZjCZkLtlgrmRGsIbQ5AXBMjQ=,I2RQL98h6CLYRowR0ccNLQHfrB0=
-7,-129,y1iZjCZkLtlgrmRGsIbQ5AXBMjQ=,TkLNRlJdiNiECqERQuzMgwE4AlY=
-6,-129,y1iZjCZkLtlgrmRGsIbQ5AXBMjQ=,TkLNRlJdiNiECqERQuzMgwE4AlY=
-5,-129,y1iZjCZkLtlgrmRGsIbQ5AXBMjQ=,TkLNRlJdiNiECqERQuzMgwE4AlY=
-4,-129,y1iZjCZkLtlgrmRGsIbQ5AXBMjQ=,TkLNRlJdiNiECqERQuzMgwE4AlY=
-3,-129,y1iZjCZkLtlgrmRGsIbQ5AXBMjQ=,TkLNRlJdiNiECqERQuzMgwE4AlY=
-1,-129,y1iZjCZkLtlgrmRGsIbQ5AXBMjQ=,TkLNRlJdiNiECqERQuzMgwE4AlY=
-3,-130,y1iZjCZkLtlgrmRGsIbQ5AXBMjQ=,TkLNRlJdiNiECqERQuzMgwE4AlY=
-2,-132,y1iZjCZkLtlgrmRGsIbQ5AXBMjQ=,TkLNRlJdiNiECqERQuzMgwE4AlY=
-2,-129,y1iZjCZkLtlgrmRGsIbQ5AXBMjQ=,TkLNRlJdiNiECqERQuzMgwE4AlY=
-1,-130,y1iZjCZkLtlgrmRGsIbQ5AXBMjQ=,TkLNRlJdiNiECqERQuzMgwE4AlY=
-2,-130,y1iZjCZkLtlgrmRGsIbQ5AXBMjQ=,TkLNRlJdiNiECqERQuzMgwE4AlY=
-1,-142,y1iZjCZkLtlgrmRGsIbQ5AXBMjQ=,I2RQL98h6CLYRowR0ccNLQHfrB0=
-1,-139,y1iZjCZkLtlgrmRGsIbQ5AXBMjQ=,I2RQL98h6CLYRowR0ccNLQHfrB0=
-1,-138,y1iZjCZkLtlgrmRGsIbQ5AXBMjQ=,I2RQL98h6CLYRowR0ccNLQHfrB0=
-2,-133,y1iZjCZkLtlgrmRGsIbQ5AXBMjQ=,TkLNRlJdiNiECqERQuzMgwE4AlY=
-2,-135,y1iZjCZkLtlgrmRGsIbQ5AXBMjQ=,TkLNRlJdiNiECqERQuzMgwE4AlY=
-1,-137,y1iZjCZkLtlgrmRGsIbQ5AXBMjQ=,I2RQL98h6CLYRowR0ccNLQHfrB0=
-1,-140,y1iZjCZkLtlgrmRGsIbQ5AXBMjQ=,I2RQL98h6CLYRowR0ccNLQHfrB0=
-1,-141,y1iZjCZkLtlgrmRGsIbQ5AXBMjQ=,I2RQL98h6CLYRowR0ccNLQHfrB0=
-1,-143,y1iZjCZkLtlgrmRGsIbQ5AXBMjQ=,I2RQL98h6CLYRowR0ccNLQHfrB0=
-4,-144,y1iZjCZkLtlgrmRGsIbQ5AXBMjQ=,I2RQL98h6CLYRowR0ccNLQHfrB0=
-3,-137,y1iZjCZkLtlgrmRGsIbQ5AXBMjQ=,I2RQL98h6CLYRowR0ccNLQHfrB0=
-3,-142,y1iZjCZkLtlgrmRGsIbQ5AXBMjQ=,I2RQL98h6CLYRowR0ccNLQHfrB0=
-3,-141,y1iZjCZkLtlgrmRGsIbQ5AXBMjQ=,I2RQL98h6CLYRowR0ccNLQHfrB0=
-2,-139,y1iZjCZkLtlgrmRGsIbQ5AXBMjQ=,I2RQL98h6CLYRowR0ccNLQHfrB0=
-1,-136,y1iZjCZkLtlgrmRGsIbQ5AXBMjQ=,TkLNRlJdiNiECqERQuzMgwE4AlY=
-1,-144,y1iZjCZkLtlgrmRGsIbQ5AXBMjQ=,I2RQL98h6CLYRowR0ccNLQHfrB0=
-8,-143,y1iZjCZkLtlgrmRGsIbQ5AXBMjQ=,I2RQL98h6CLYRowR0ccNLQHfrB0=
-12,-143,y1iZjCZkLtlgrmRGsIbQ5AXBMjQ=,X5Xch6SCZxeRbjyaSdeKN6+TKok=
-11,-143,y1iZjCZkLtlgrmRGsIbQ5AXBMjQ=,X5Xch6SCZxeRbjyaSdeKN6+TKok=
-10,-143,y1iZjCZkLtlgrmRGsIbQ5AXBMjQ=,X5Xch6SCZxeRbjyaSdeKN6+TKok=
-8,-142,y1iZjCZkLtlgrmRGsIbQ5AXBMjQ=,I2RQL98h6CLYRowR0ccNLQHfrB0=
-9,-143,y1iZjCZkLtlgrmRGsIbQ5AXBMjQ=,X5Xch6SCZxeRbjyaSdeKN6+TKok=
-13,-143,y1iZjCZkLtlgrmRGsIbQ5AXBMjQ=,X5Xch6SCZxeRbjyaSdeKN6+TKok=
-14,-143,y1iZjCZkLtlgrmRGsIbQ5AXBMjQ=,X5Xch6SCZxeRbjyaSdeKN6+TKok=
-16,-142,y1iZjCZkLtlgrmRGsIbQ5AXBMjQ=,X5Xch6SCZxeRbjyaSdeKN6+TKok=
-15,-142,y1iZjCZkLtlgrmRGsIbQ5AXBMjQ=,X5Xch6SCZxeRbjyaSdeKN6+TKok=
-14,-142,y1iZjCZkLtlgrmRGsIbQ5AXBMjQ=,X5Xch6SCZxeRbjyaSdeKN6+TKok=
-8,-141,y1iZjCZkLtlgrmRGsIbQ5AXBMjQ=,I2RQL98h6CLYRowR0ccNLQHfrB0=
-13,-142,y1iZjCZkLtlgrmRGsIbQ5AXBMjQ=,X5Xch6SCZxeRbjyaSdeKN6+TKok=
-12,-142,y1iZjCZkLtlgrmRGsIbQ5AXBMjQ=,X5Xch6SCZxeRbjyaSdeKN6+TKok=
-11,-142,y1iZjCZkLtlgrmRGsIbQ5AXBMjQ=,X5Xch6SCZxeRbjyaSdeKN6+TKok=
-10,-142,y1iZjCZkLtlgrmRGsIbQ5AXBMjQ=,X5Xch6SCZxeRbjyaSdeKN6+TKok=
-9,-142,y1iZjCZkLtlgrmRGsIbQ5AXBMjQ=,X5Xch6SCZxeRbjyaSdeKN6+TKok=
-15,-141,y1iZjCZkLtlgrmRGsIbQ5AXBMjQ=,X5Xch6SCZxeRbjyaSdeKN6+TKok=
-8,-140,y1iZjCZkLtlgrmRGsIbQ5AXBMjQ=,I2RQL98h6CLYRowR0ccNLQHfrB0=
-13,-141,y1iZjCZkLtlgrmRGsIbQ5AXBMjQ=,X5Xch6SCZxeRbjyaSdeKN6+TKok=
-12,-141,y1iZjCZkLtlgrmRGsIbQ5AXBMjQ=,X5Xch6SCZxeRbjyaSdeKN6+TKok=
-11,-141,y1iZjCZkLtlgrmRGsIbQ5AXBMjQ=,X5Xch6SCZxeRbjyaSdeKN6+TKok=
-10,-141,y1iZjCZkLtlgrmRGsIbQ5AXBMjQ=,X5Xch6SCZxeRbjyaSdeKN6+TKok=
-9,-141,y1iZjCZkLtlgrmRGsIbQ5AXBMjQ=,X5Xch6SCZxeRbjyaSdeKN6+TKok=
-8,-139,y1iZjCZkLtlgrmRGsIbQ5AXBMjQ=,I2RQL98h6CLYRowR0ccNLQHfrB0=
-8,-144,y1iZjCZkLtlgrmRGsIbQ5AXBMjQ=,I2RQL98h6CLYRowR0ccNLQHfrB0=
-16,-140,y1iZjCZkLtlgrmRGsIbQ5AXBMjQ=,X5Xch6SCZxeRbjyaSdeKN6+TKok=
-15,-140,y1iZjCZkLtlgrmRGsIbQ5AXBMjQ=,X5Xch6SCZxeRbjyaSdeKN6+TKok=
-8,-138,y1iZjCZkLtlgrmRGsIbQ5AXBMjQ=,I2RQL98h6CLYRowR0ccNLQHfrB0=
-13,-140,y1iZjCZkLtlgrmRGsIbQ5AXBMjQ=,X5Xch6SCZxeRbjyaSdeKN6+TKok=
-12,-140,y1iZjCZkLtlgrmRGsIbQ5AXBMjQ=,X5Xch6SCZxeRbjyaSdeKN6+TKok=
-11,-140,y1iZjCZkLtlgrmRGsIbQ5AXBMjQ=,X5Xch6SCZxeRbjyaSdeKN6+TKok=
-10,-140,y1iZjCZkLtlgrmRGsIbQ5AXBMjQ=,X5Xch6SCZxeRbjyaSdeKN6+TKok=
-9,-140,y1iZjCZkLtlgrmRGsIbQ5AXBMjQ=,X5Xch6SCZxeRbjyaSdeKN6+TKok=
-14,-139,y1iZjCZkLtlgrmRGsIbQ5AXBMjQ=,X5Xch6SCZxeRbjyaSdeKN6+TKok=
-16,-144,y1iZjCZkLtlgrmRGsIbQ5AXBMjQ=,X5Xch6SCZxeRbjyaSdeKN6+TKok=
-14,-144,y1iZjCZkLtlgrmRGsIbQ5AXBMjQ=,X5Xch6SCZxeRbjyaSdeKN6+TKok=
-13,-144,y1iZjCZkLtlgrmRGsIbQ5AXBMjQ=,X5Xch6SCZxeRbjyaSdeKN6+TKok=
-13,-139,y1iZjCZkLtlgrmRGsIbQ5AXBMjQ=,X5Xch6SCZxeRbjyaSdeKN6+TKok=
-12,-139,y1iZjCZkLtlgrmRGsIbQ5AXBMjQ=,X5Xch6SCZxeRbjyaSdeKN6+TKok=
-11,-139,y1iZjCZkLtlgrmRGsIbQ5AXBMjQ=,X5Xch6SCZxeRbjyaSdeKN6+TKok=
-12,-144,y1iZjCZkLtlgrmRGsIbQ5AXBMjQ=,X5Xch6SCZxeRbjyaSdeKN6+TKok=
-10,-139,y1iZjCZkLtlgrmRGsIbQ5AXBMjQ=,X5Xch6SCZxeRbjyaSdeKN6+TKok=
-9,-139,y1iZjCZkLtlgrmRGsIbQ5AXBMjQ=,X5Xch6SCZxeRbjyaSdeKN6+TKok=
-11,-144,y1iZjCZkLtlgrmRGsIbQ5AXBMjQ=,X5Xch6SCZxeRbjyaSdeKN6+TKok=
-14,-138,y1iZjCZkLtlgrmRGsIbQ5AXBMjQ=,X5Xch6SCZxeRbjyaSdeKN6+TKok=
-13,-138,y1iZjCZkLtlgrmRGsIbQ5AXBMjQ=,X5Xch6SCZxeRbjyaSdeKN6+TKok=
-10,-144,y1iZjCZkLtlgrmRGsIbQ5AXBMjQ=,X5Xch6SCZxeRbjyaSdeKN6+TKok=
-12,-138,y1iZjCZkLtlgrmRGsIbQ5AXBMjQ=,X5Xch6SCZxeRbjyaSdeKN6+TKok=
-11,-138,y1iZjCZkLtlgrmRGsIbQ5AXBMjQ=,X5Xch6SCZxeRbjyaSdeKN6+TKok=
-10,-138,y1iZjCZkLtlgrmRGsIbQ5AXBMjQ=,X5Xch6SCZxeRbjyaSdeKN6+TKok=
-9,-144,y1iZjCZkLtlgrmRGsIbQ5AXBMjQ=,X5Xch6SCZxeRbjyaSdeKN6+TKok=
-15,-144,y1iZjCZkLtlgrmRGsIbQ5AXBMjQ=,X5Xch6SCZxeRbjyaSdeKN6+TKok=
-14,-141,y1iZjCZkLtlgrmRGsIbQ5AXBMjQ=,X5Xch6SCZxeRbjyaSdeKN6+TKok=
-16,-141,y1iZjCZkLtlgrmRGsIbQ5AXBMjQ=,X5Xch6SCZxeRbjyaSdeKN6+TKok=
-16,-143,y1iZjCZkLtlgrmRGsIbQ5AXBMjQ=,X5Xch6SCZxeRbjyaSdeKN6+TKok=
-15,-143,y1iZjCZkLtlgrmRGsIbQ5AXBMjQ=,X5Xch6SCZxeRbjyaSdeKN6+TKok=
-9,-138,y1iZjCZkLtlgrmRGsIbQ5AXBMjQ=,X5Xch6SCZxeRbjyaSdeKN6+TKok=
-10,-137,y1iZjCZkLtlgrmRGsIbQ5AXBMjQ=,X5Xch6SCZxeRbjyaSdeKN6+TKok=
-11,-137,y1iZjCZkLtlgrmRGsIbQ5AXBMjQ=,X5Xch6SCZxeRbjyaSdeKN6+TKok=
-16,-136,y1iZjCZkLtlgrmRGsIbQ5AXBMjQ=,X5Xch6SCZxeRbjyaSdeKN6+TKok=
-16,-130,y1iZjCZkLtlgrmRGsIbQ5AXBMjQ=,X5Xch6SCZxeRbjyaSdeKN6+TKok=
-8,-129,y1iZjCZkLtlgrmRGsIbQ5AXBMjQ=,TkLNRlJdiNiECqERQuzMgwE4AlY=
-9,-137,y1iZjCZkLtlgrmRGsIbQ5AXBMjQ=,X5Xch6SCZxeRbjyaSdeKN6+TKok=
-10,-131,y1iZjCZkLtlgrmRGsIbQ5AXBMjQ=,X5Xch6SCZxeRbjyaSdeKN6+TKok=
-13,-137,y1iZjCZkLtlgrmRGsIbQ5AXBMjQ=,X5Xch6SCZxeRbjyaSdeKN6+TKok=
-8,-135,y1iZjCZkLtlgrmRGsIbQ5AXBMjQ=,TkLNRlJdiNiECqERQuzMgwE4AlY=
-14,-137,y1iZjCZkLtlgrmRGsIbQ5AXBMjQ=,X5Xch6SCZxeRbjyaSdeKN6+TKok=
-11,-130,y1iZjCZkLtlgrmRGsIbQ5AXBMjQ=,X5Xch6SCZxeRbjyaSdeKN6+TKok=
-16,-131,y1iZjCZkLtlgrmRGsIbQ5AXBMjQ=,X5Xch6SCZxeRbjyaSdeKN6+TKok=
-9,-132,y1iZjCZkLtlgrmRGsIbQ5AXBMjQ=,X5Xch6SCZxeRbjyaSdeKN6+TKok=
-12,-137,y1iZjCZkLtlgrmRGsIbQ5AXBMjQ=,X5Xch6SCZxeRbjyaSdeKN6+TKok=
-8,-132,y1iZjCZkLtlgrmRGsIbQ5AXBMjQ=,TkLNRlJdiNiECqERQuzMgwE4AlY=
-11,-132,y1iZjCZkLtlgrmRGsIbQ5AXBMjQ=,X5Xch6SCZxeRbjyaSdeKN6+TKok=
-14,-136,y1iZjCZkLtlgrmRGsIbQ5AXBMjQ=,X5Xch6SCZxeRbjyaSdeKN6+TKok=
-12,-132,y1iZjCZkLtlgrmRGsIbQ5AXBMjQ=,X5Xch6SCZxeRbjyaSdeKN6+TKok=
-13,-132,y1iZjCZkLtlgrmRGsIbQ5AXBMjQ=,X5Xch6SCZxeRbjyaSdeKN6+TKok=
-8,-136,y1iZjCZkLtlgrmRGsIbQ5AXBMjQ=,TkLNRlJdiNiECqERQuzMgwE4AlY=
-14,-132,y1iZjCZkLtlgrmRGsIbQ5AXBMjQ=,X5Xch6SCZxeRbjyaSdeKN6+TKok=
-15,-132,y1iZjCZkLtlgrmRGsIbQ5AXBMjQ=,X5Xch6SCZxeRbjyaSdeKN6+TKok=
-16,-132,y1iZjCZkLtlgrmRGsIbQ5AXBMjQ=,X5Xch6SCZxeRbjyaSdeKN6+TKok=
-16,-129,y1iZjCZkLtlgrmRGsIbQ5AXBMjQ=,X5Xch6SCZxeRbjyaSdeKN6+TKok=
-13,-136,y1iZjCZkLtlgrmRGsIbQ5AXBMjQ=,X5Xch6SCZxeRbjyaSdeKN6+TKok=
-10,-133,y1iZjCZkLtlgrmRGsIbQ5AXBMjQ=,X5Xch6SCZxeRbjyaSdeKN6+TKok=
-12,-136,y1iZjCZkLtlgrmRGsIbQ5AXBMjQ=,X5Xch6SCZxeRbjyaSdeKN6+TKok=
-12,-133,y1iZjCZkLtlgrmRGsIbQ5AXBMjQ=,X5Xch6SCZxeRbjyaSdeKN6+TKok=
-13,-133,y1iZjCZkLtlgrmRGsIbQ5AXBMjQ=,X5Xch6SCZxeRbjyaSdeKN6+TKok=
-11,-136,y1iZjCZkLtlgrmRGsIbQ5AXBMjQ=,X5Xch6SCZxeRbjyaSdeKN6+TKok=
-15,-133,y1iZjCZkLtlgrmRGsIbQ5AXBMjQ=,X5Xch6SCZxeRbjyaSdeKN6+TKok=
-16,-133,y1iZjCZkLtlgrmRGsIbQ5AXBMjQ=,X5Xch6SCZxeRbjyaSdeKN6+TKok=
-10,-136,y1iZjCZkLtlgrmRGsIbQ5AXBMjQ=,X5Xch6SCZxeRbjyaSdeKN6+TKok=
-10,-134,y1iZjCZkLtlgrmRGsIbQ5AXBMjQ=,X5Xch6SCZxeRbjyaSdeKN6+TKok=
-9,-129,y1iZjCZkLtlgrmRGsIbQ5AXBMjQ=,X5Xch6SCZxeRbjyaSdeKN6+TKok=
-11,-134,y1iZjCZkLtlgrmRGsIbQ5AXBMjQ=,X5Xch6SCZxeRbjyaSdeKN6+TKok=
-13,-134,y1iZjCZkLtlgrmRGsIbQ5AXBMjQ=,X5Xch6SCZxeRbjyaSdeKN6+TKok=
-9,-136,y1iZjCZkLtlgrmRGsIbQ5AXBMjQ=,X5Xch6SCZxeRbjyaSdeKN6+TKok=
-14,-134,y1iZjCZkLtlgrmRGsIbQ5AXBMjQ=,X5Xch6SCZxeRbjyaSdeKN6+TKok=
-9,-134,y1iZjCZkLtlgrmRGsIbQ5AXBMjQ=,X5Xch6SCZxeRbjyaSdeKN6+TKok=
-15,-134,y1iZjCZkLtlgrmRGsIbQ5AXBMjQ=,X5Xch6SCZxeRbjyaSdeKN6+TKok=
-8,-133,y1iZjCZkLtlgrmRGsIbQ5AXBMjQ=,TkLNRlJdiNiECqERQuzMgwE4AlY=
-9,-135,y1iZjCZkLtlgrmRGsIbQ5AXBMjQ=,X5Xch6SCZxeRbjyaSdeKN6+TKok=
-8,-134,y1iZjCZkLtlgrmRGsIbQ5AXBMjQ=,TkLNRlJdiNiECqERQuzMgwE4AlY=
-10,-135,y1iZjCZkLtlgrmRGsIbQ5AXBMjQ=,X5Xch6SCZxeRbjyaSdeKN6+TKok=
-11,-135,y1iZjCZkLtlgrmRGsIbQ5AXBMjQ=,X5Xch6SCZxeRbjyaSdeKN6+TKok=
-8,-131,y1iZjCZkLtlgrmRGsIbQ5AXBMjQ=,TkLNRlJdiNiECqERQuzMgwE4AlY=
-13,-135,y1iZjCZkLtlgrmRGsIbQ5AXBMjQ=,X5Xch6SCZxeRbjyaSdeKN6+TKok=
-8,-130,y1iZjCZkLtlgrmRGsIbQ5AXBMjQ=,TkLNRlJdiNiECqERQuzMgwE4AlY=
-8,-137,y1iZjCZkLtlgrmRGsIbQ5AXBMjQ=,I2RQL98h6CLYRowR0ccNLQHfrB0=
-14,-135,y1iZjCZkLtlgrmRGsIbQ5AXBMjQ=,X5Xch6SCZxeRbjyaSdeKN6+TKok=
-14,-140,y1iZjCZkLtlgrmRGsIbQ5AXBMjQ=,X5Xch6SCZxeRbjyaSdeKN6+TKok=
-16,-135,y1iZjCZkLtlgrmRGsIbQ5AXBMjQ=,X5Xch6SCZxeRbjyaSdeKN6+TKok=
-15,-139,y1iZjCZkLtlgrmRGsIbQ5AXBMjQ=,X5Xch6SCZxeRbjyaSdeKN6+TKok=
-16,-139,y1iZjCZkLtlgrmRGsIbQ5AXBMjQ=,X5Xch6SCZxeRbjyaSdeKN6+TKok=
-15,-135,y1iZjCZkLtlgrmRGsIbQ5AXBMjQ=,X5Xch6SCZxeRbjyaSdeKN6+TKok=
-9,-131,y1iZjCZkLtlgrmRGsIbQ5AXBMjQ=,X5Xch6SCZxeRbjyaSdeKN6+TKok=
-16,-138,y1iZjCZkLtlgrmRGsIbQ5AXBMjQ=,X5Xch6SCZxeRbjyaSdeKN6+TKok=
-15,-130,y1iZjCZkLtlgrmRGsIbQ5AXBMjQ=,X5Xch6SCZxeRbjyaSdeKN6+TKok=
-11,-131,y1iZjCZkLtlgrmRGsIbQ5AXBMjQ=,X5Xch6SCZxeRbjyaSdeKN6+TKok=
-12,-135,y1iZjCZkLtlgrmRGsIbQ5AXBMjQ=,X5Xch6SCZxeRbjyaSdeKN6+TKok=
-16,-134,y1iZjCZkLtlgrmRGsIbQ5AXBMjQ=,X5Xch6SCZxeRbjyaSdeKN6+TKok=
-15,-137,y1iZjCZkLtlgrmRGsIbQ5AXBMjQ=,X5Xch6SCZxeRbjyaSdeKN6+TKok=
-10,-129,y1iZjCZkLtlgrmRGsIbQ5AXBMjQ=,X5Xch6SCZxeRbjyaSdeKN6+TKok=
-13,-130,y1iZjCZkLtlgrmRGsIbQ5AXBMjQ=,X5Xch6SCZxeRbjyaSdeKN6+TKok=
-12,-131,y1iZjCZkLtlgrmRGsIbQ5AXBMjQ=,X5Xch6SCZxeRbjyaSdeKN6+TKok=
-14,-130,y1iZjCZkLtlgrmRGsIbQ5AXBMjQ=,X5Xch6SCZxeRbjyaSdeKN6+TKok=
-10,-130,y1iZjCZkLtlgrmRGsIbQ5AXBMjQ=,X5Xch6SCZxeRbjyaSdeKN6+TKok=
-15,-131,y1iZjCZkLtlgrmRGsIbQ5AXBMjQ=,X5Xch6SCZxeRbjyaSdeKN6+TKok=
-15,-136,y1iZjCZkLtlgrmRGsIbQ5AXBMjQ=,X5Xch6SCZxeRbjyaSdeKN6+TKok=
-10,-132,y1iZjCZkLtlgrmRGsIbQ5AXBMjQ=,X5Xch6SCZxeRbjyaSdeKN6+TKok=
-9,-130,y1iZjCZkLtlgrmRGsIbQ5AXBMjQ=,X5Xch6SCZxeRbjyaSdeKN6+TKok=
-9,-133,y1iZjCZkLtlgrmRGsIbQ5AXBMjQ=,X5Xch6SCZxeRbjyaSdeKN6+TKok=
-12,-134,y1iZjCZkLtlgrmRGsIbQ5AXBMjQ=,X5Xch6SCZxeRbjyaSdeKN6+TKok=
-11,-129,y1iZjCZkLtlgrmRGsIbQ5AXBMjQ=,X5Xch6SCZxeRbjyaSdeKN6+TKok=
-12,-130,y1iZjCZkLtlgrmRGsIbQ5AXBMjQ=,X5Xch6SCZxeRbjyaSdeKN6+TKok=
-15,-129,y1iZjCZkLtlgrmRGsIbQ5AXBMjQ=,X5Xch6SCZxeRbjyaSdeKN6+TKok=
-11,-133,y1iZjCZkLtlgrmRGsIbQ5AXBMjQ=,X5Xch6SCZxeRbjyaSdeKN6+TKok=
-14,-133,y1iZjCZkLtlgrmRGsIbQ5AXBMjQ=,X5Xch6SCZxeRbjyaSdeKN6+TKok=
-12,-129,y1iZjCZkLtlgrmRGsIbQ5AXBMjQ=,X5Xch6SCZxeRbjyaSdeKN6+TKok=
-16,-137,y1iZjCZkLtlgrmRGsIbQ5AXBMjQ=,X5Xch6SCZxeRbjyaSdeKN6+TKok=
-14,-129,y1iZjCZkLtlgrmRGsIbQ5AXBMjQ=,X5Xch6SCZxeRbjyaSdeKN6+TKok=
-15,-138,y1iZjCZkLtlgrmRGsIbQ5AXBMjQ=,X5Xch6SCZxeRbjyaSdeKN6+TKok=
-13,-129,y1iZjCZkLtlgrmRGsIbQ5AXBMjQ=,X5Xch6SCZxeRbjyaSdeKN6+TKok=
-14,-131,y1iZjCZkLtlgrmRGsIbQ5AXBMjQ=,X5Xch6SCZxeRbjyaSdeKN6+TKok=
-13,-131,y1iZjCZkLtlgrmRGsIbQ5AXBMjQ=,X5Xch6SCZxeRbjyaSdeKN6+TKok=
-12,-151,y1iZjCZkLtlgrmRGsIbQ5AXBMjQ=,X5Xch6SCZxeRbjyaSdeKN6+TKok=
-2,-148,y1iZjCZkLtlgrmRGsIbQ5AXBMjQ=,sfg8AU+OQc3RfXlr0eHsor7WEIc=
-9,-151,y1iZjCZkLtlgrmRGsIbQ5AXBMjQ=,X5Xch6SCZxeRbjyaSdeKN6+TKok=
-6,-150,y1iZjCZkLtlgrmRGsIbQ5AXBMjQ=,sfg8AU+OQc3RfXlr0eHsor7WEIc=
-9,-150,y1iZjCZkLtlgrmRGsIbQ5AXBMjQ=,X5Xch6SCZxeRbjyaSdeKN6+TKok=
-8,-147,y1iZjCZkLtlgrmRGsIbQ5AXBMjQ=,sfg8AU+OQc3RfXlr0eHsor7WEIc=
-4,-151,y1iZjCZkLtlgrmRGsIbQ5AXBMjQ=,sfg8AU+OQc3RfXlr0eHsor7WEIc=
-9,-149,y1iZjCZkLtlgrmRGsIbQ5AXBMjQ=,X5Xch6SCZxeRbjyaSdeKN6+TKok=
-4,-149,y1iZjCZkLtlgrmRGsIbQ5AXBMjQ=,sfg8AU+OQc3RfXlr0eHsor7WEIc=
-7,-147,y1iZjCZkLtlgrmRGsIbQ5AXBMjQ=,sfg8AU+OQc3RfXlr0eHsor7WEIc=
-9,-148,y1iZjCZkLtlgrmRGsIbQ5AXBMjQ=,X5Xch6SCZxeRbjyaSdeKN6+TKok=
-5,-150,y1iZjCZkLtlgrmRGsIbQ5AXBMjQ=,sfg8AU+OQc3RfXlr0eHsor7WEIc=
-9,-147,y1iZjCZkLtlgrmRGsIbQ5AXBMjQ=,X5Xch6SCZxeRbjyaSdeKN6+TKok=
-3,-149,y1iZjCZkLtlgrmRGsIbQ5AXBMjQ=,sfg8AU+OQc3RfXlr0eHsor7WEIc=
-6,-147,y1iZjCZkLtlgrmRGsIbQ5AXBMjQ=,sfg8AU+OQc3RfXlr0eHsor7WEIc=
-9,-146,y1iZjCZkLtlgrmRGsIbQ5AXBMjQ=,X5Xch6SCZxeRbjyaSdeKN6+TKok=
-4,-150,y1iZjCZkLtlgrmRGsIbQ5AXBMjQ=,sfg8AU+OQc3RfXlr0eHsor7WEIc=
-2,-151,y1iZjCZkLtlgrmRGsIbQ5AXBMjQ=,sfg8AU+OQc3RfXlr0eHsor7WEIc=
-8,-146,y1iZjCZkLtlgrmRGsIbQ5AXBMjQ=,sfg8AU+OQc3RfXlr0eHsor7WEIc=
-7,-146,y1iZjCZkLtlgrmRGsIbQ5AXBMjQ=,sfg8AU+OQc3RfXlr0eHsor7WEIc=
-3,-150,y1iZjCZkLtlgrmRGsIbQ5AXBMjQ=,sfg8AU+OQc3RfXlr0eHsor7WEIc=
-6,-146,y1iZjCZkLtlgrmRGsIbQ5AXBMjQ=,sfg8AU+OQc3RfXlr0eHsor7WEIc=
-3,-151,y1iZjCZkLtlgrmRGsIbQ5AXBMjQ=,sfg8AU+OQc3RfXlr0eHsor7WEIc=
-2,-149,y1iZjCZkLtlgrmRGsIbQ5AXBMjQ=,sfg8AU+OQc3RfXlr0eHsor7WEIc=
-5,-146,y1iZjCZkLtlgrmRGsIbQ5AXBMjQ=,sfg8AU+OQc3RfXlr0eHsor7WEIc=
-2,-150,y1iZjCZkLtlgrmRGsIbQ5AXBMjQ=,sfg8AU+OQc3RfXlr0eHsor7WEIc=
-1,-150,y1iZjCZkLtlgrmRGsIbQ5AXBMjQ=,sfg8AU+OQc3RfXlr0eHsor7WEIc=
-4,-146,y1iZjCZkLtlgrmRGsIbQ5AXBMjQ=,sfg8AU+OQc3RfXlr0eHsor7WEIc=
-8,-150,y1iZjCZkLtlgrmRGsIbQ5AXBMjQ=,sfg8AU+OQc3RfXlr0eHsor7WEIc=
-3,-146,y1iZjCZkLtlgrmRGsIbQ5AXBMjQ=,sfg8AU+OQc3RfXlr0eHsor7WEIc=
-8,-149,y1iZjCZkLtlgrmRGsIbQ5AXBMjQ=,sfg8AU+OQc3RfXlr0eHsor7WEIc=
-5,-147,y1iZjCZkLtlgrmRGsIbQ5AXBMjQ=,sfg8AU+OQc3RfXlr0eHsor7WEIc=
-2,-146,y1iZjCZkLtlgrmRGsIbQ5AXBMjQ=,sfg8AU+OQc3RfXlr0eHsor7WEIc=
-1,-149,y1iZjCZkLtlgrmRGsIbQ5AXBMjQ=,sfg8AU+OQc3RfXlr0eHsor7WEIc=
-8,-148,y1iZjCZkLtlgrmRGsIbQ5AXBMjQ=,sfg8AU+OQc3RfXlr0eHsor7WEIc=
-4,-147,y1iZjCZkLtlgrmRGsIbQ5AXBMjQ=,sfg8AU+OQc3RfXlr0eHsor7WEIc=
-7,-148,y1iZjCZkLtlgrmRGsIbQ5AXBMjQ=,sfg8AU+OQc3RfXlr0eHsor7WEIc=
-6,-148,y1iZjCZkLtlgrmRGsIbQ5AXBMjQ=,sfg8AU+OQc3RfXlr0eHsor7WEIc=
-5,-151,y1iZjCZkLtlgrmRGsIbQ5AXBMjQ=,sfg8AU+OQc3RfXlr0eHsor7WEIc=
-3,-147,y1iZjCZkLtlgrmRGsIbQ5AXBMjQ=,sfg8AU+OQc3RfXlr0eHsor7WEIc=
-5,-148,y1iZjCZkLtlgrmRGsIbQ5AXBMjQ=,sfg8AU+OQc3RfXlr0eHsor7WEIc=
-8,-151,y1iZjCZkLtlgrmRGsIbQ5AXBMjQ=,sfg8AU+OQc3RfXlr0eHsor7WEIc=
-7,-149,y1iZjCZkLtlgrmRGsIbQ5AXBMjQ=,sfg8AU+OQc3RfXlr0eHsor7WEIc=
-8,-159,y1iZjCZkLtlgrmRGsIbQ5AXBMjQ=,TkLNRlJdiNiECqERQuzMgwE4AlY=
-7,-159,y1iZjCZkLtlgrmRGsIbQ5AXBMjQ=,TkLNRlJdiNiECqERQuzMgwE4AlY=
-6,-149,y1iZjCZkLtlgrmRGsIbQ5AXBMjQ=,sfg8AU+OQc3RfXlr0eHsor7WEIc=
-6,-159,y1iZjCZkLtlgrmRGsIbQ5AXBMjQ=,TkLNRlJdiNiECqERQuzMgwE4AlY=
-8,-152,y1iZjCZkLtlgrmRGsIbQ5AXBMjQ=,sfg8AU+OQc3RfXlr0eHsor7WEIc=
-5,-159,y1iZjCZkLtlgrmRGsIbQ5AXBMjQ=,TkLNRlJdiNiECqERQuzMgwE4AlY=
-4,-159,y1iZjCZkLtlgrmRGsIbQ5AXBMjQ=,TkLNRlJdiNiECqERQuzMgwE4AlY=
-1,-151,y1iZjCZkLtlgrmRGsIbQ5AXBMjQ=,sfg8AU+OQc3RfXlr0eHsor7WEIc=
-3,-159,y1iZjCZkLtlgrmRGsIbQ5AXBMjQ=,TkLNRlJdiNiECqERQuzMgwE4AlY=
-7,-152,y1iZjCZkLtlgrmRGsIbQ5AXBMjQ=,sfg8AU+OQc3RfXlr0eHsor7WEIc=
-2,-159,y1iZjCZkLtlgrmRGsIbQ5AXBMjQ=,TkLNRlJdiNiECqERQuzMgwE4AlY=
-8,-158,y1iZjCZkLtlgrmRGsIbQ5AXBMjQ=,TkLNRlJdiNiECqERQuzMgwE4AlY=
-2,-147,y1iZjCZkLtlgrmRGsIbQ5AXBMjQ=,sfg8AU+OQc3RfXlr0eHsor7WEIc=
-7,-158,y1iZjCZkLtlgrmRGsIbQ5AXBMjQ=,TkLNRlJdiNiECqERQuzMgwE4AlY=
-6,-158,y1iZjCZkLtlgrmRGsIbQ5AXBMjQ=,TkLNRlJdiNiECqERQuzMgwE4AlY=
-5,-158,y1iZjCZkLtlgrmRGsIbQ5AXBMjQ=,TkLNRlJdiNiECqERQuzMgwE4AlY=
-1,-147,y1iZjCZkLtlgrmRGsIbQ5AXBMjQ=,sfg8AU+OQc3RfXlr0eHsor7WEIc=
-4,-158,y1iZjCZkLtlgrmRGsIbQ5AXBMjQ=,TkLNRlJdiNiECqERQuzMgwE4AlY=
-3,-158,y1iZjCZkLtlgrmRGsIbQ5AXBMjQ=,TkLNRlJdiNiECqERQuzMgwE4AlY=
-8,-157,y1iZjCZkLtlgrmRGsIbQ5AXBMjQ=,TkLNRlJdiNiECqERQuzMgwE4AlY=
-7,-157,y1iZjCZkLtlgrmRGsIbQ5AXBMjQ=,TkLNRlJdiNiECqERQuzMgwE4AlY=
-2,-158,y1iZjCZkLtlgrmRGsIbQ5AXBMjQ=,TkLNRlJdiNiECqERQuzMgwE4AlY=
-6,-152,y1iZjCZkLtlgrmRGsIbQ5AXBMjQ=,sfg8AU+OQc3RfXlr0eHsor7WEIc=
-6,-157,y1iZjCZkLtlgrmRGsIbQ5AXBMjQ=,TkLNRlJdiNiECqERQuzMgwE4AlY=
-5,-157,y1iZjCZkLtlgrmRGsIbQ5AXBMjQ=,TkLNRlJdiNiECqERQuzMgwE4AlY=
-4,-148,y1iZjCZkLtlgrmRGsIbQ5AXBMjQ=,sfg8AU+OQc3RfXlr0eHsor7WEIc=
-4,-157,y1iZjCZkLtlgrmRGsIbQ5AXBMjQ=,TkLNRlJdiNiECqERQuzMgwE4AlY=
-3,-157,y1iZjCZkLtlgrmRGsIbQ5AXBMjQ=,TkLNRlJdiNiECqERQuzMgwE4AlY=
-2,-157,y1iZjCZkLtlgrmRGsIbQ5AXBMjQ=,TkLNRlJdiNiECqERQuzMgwE4AlY=
-8,-156,y1iZjCZkLtlgrmRGsIbQ5AXBMjQ=,TkLNRlJdiNiECqERQuzMgwE4AlY=
-3,-148,y1iZjCZkLtlgrmRGsIbQ5AXBMjQ=,sfg8AU+OQc3RfXlr0eHsor7WEIc=
-7,-156,y1iZjCZkLtlgrmRGsIbQ5AXBMjQ=,TkLNRlJdiNiECqERQuzMgwE4AlY=
-5,-149,y1iZjCZkLtlgrmRGsIbQ5AXBMjQ=,sfg8AU+OQc3RfXlr0eHsor7WEIc=
-5,-156,y1iZjCZkLtlgrmRGsIbQ5AXBMjQ=,TkLNRlJdiNiECqERQuzMgwE4AlY=
-6,-156,y1iZjCZkLtlgrmRGsIbQ5AXBMjQ=,TkLNRlJdiNiECqERQuzMgwE4AlY=
-5,-152,y1iZjCZkLtlgrmRGsIbQ5AXBMjQ=,sfg8AU+OQc3RfXlr0eHsor7WEIc=
-4,-156,y1iZjCZkLtlgrmRGsIbQ5AXBMjQ=,TkLNRlJdiNiECqERQuzMgwE4AlY=
-7,-150,y1iZjCZkLtlgrmRGsIbQ5AXBMjQ=,sfg8AU+OQc3RfXlr0eHsor7WEIc=
-3,-156,y1iZjCZkLtlgrmRGsIbQ5AXBMjQ=,TkLNRlJdiNiECqERQuzMgwE4AlY=
-2,-156,y1iZjCZkLtlgrmRGsIbQ5AXBMjQ=,TkLNRlJdiNiECqERQuzMgwE4AlY=
-4,-152,y1iZjCZkLtlgrmRGsIbQ5AXBMjQ=,sfg8AU+OQc3RfXlr0eHsor7WEIc=
-7,-151,y1iZjCZkLtlgrmRGsIbQ5AXBMjQ=,sfg8AU+OQc3RfXlr0eHsor7WEIc=
-8,-155,y1iZjCZkLtlgrmRGsIbQ5AXBMjQ=,TkLNRlJdiNiECqERQuzMgwE4AlY=
-7,-155,y1iZjCZkLtlgrmRGsIbQ5AXBMjQ=,TkLNRlJdiNiECqERQuzMgwE4AlY=
-6,-155,y1iZjCZkLtlgrmRGsIbQ5AXBMjQ=,TkLNRlJdiNiECqERQuzMgwE4AlY=
-5,-155,y1iZjCZkLtlgrmRGsIbQ5AXBMjQ=,TkLNRlJdiNiECqERQuzMgwE4AlY=
-4,-155,y1iZjCZkLtlgrmRGsIbQ5AXBMjQ=,TkLNRlJdiNiECqERQuzMgwE4AlY=
-3,-155,y1iZjCZkLtlgrmRGsIbQ5AXBMjQ=,TkLNRlJdiNiECqERQuzMgwE4AlY=
-2,-155,y1iZjCZkLtlgrmRGsIbQ5AXBMjQ=,TkLNRlJdiNiECqERQuzMgwE4AlY=
-6,-151,y1iZjCZkLtlgrmRGsIbQ5AXBMjQ=,sfg8AU+OQc3RfXlr0eHsor7WEIc=
-3,-152,y1iZjCZkLtlgrmRGsIbQ5AXBMjQ=,sfg8AU+OQc3RfXlr0eHsor7WEIc=
-8,-154,y1iZjCZkLtlgrmRGsIbQ5AXBMjQ=,TkLNRlJdiNiECqERQuzMgwE4AlY=
-2,-152,y1iZjCZkLtlgrmRGsIbQ5AXBMjQ=,sfg8AU+OQc3RfXlr0eHsor7WEIc=
-7,-154,y1iZjCZkLtlgrmRGsIbQ5AXBMjQ=,TkLNRlJdiNiECqERQuzMgwE4AlY=
-6,-154,y1iZjCZkLtlgrmRGsIbQ5AXBMjQ=,TkLNRlJdiNiECqERQuzMgwE4AlY=
-5,-154,y1iZjCZkLtlgrmRGsIbQ5AXBMjQ=,TkLNRlJdiNiECqERQuzMgwE4AlY=
-4,-154,y1iZjCZkLtlgrmRGsIbQ5AXBMjQ=,TkLNRlJdiNiECqERQuzMgwE4AlY=
-3,-154,y1iZjCZkLtlgrmRGsIbQ5AXBMjQ=,TkLNRlJdiNiECqERQuzMgwE4AlY=
-2,-154,y1iZjCZkLtlgrmRGsIbQ5AXBMjQ=,TkLNRlJdiNiECqERQuzMgwE4AlY=
-8,-153,y1iZjCZkLtlgrmRGsIbQ5AXBMjQ=,TkLNRlJdiNiECqERQuzMgwE4AlY=
-7,-153,y1iZjCZkLtlgrmRGsIbQ5AXBMjQ=,TkLNRlJdiNiECqERQuzMgwE4AlY=
-6,-153,y1iZjCZkLtlgrmRGsIbQ5AXBMjQ=,TkLNRlJdiNiECqERQuzMgwE4AlY=
-5,-153,y1iZjCZkLtlgrmRGsIbQ5AXBMjQ=,TkLNRlJdiNiECqERQuzMgwE4AlY=
-4,-153,y1iZjCZkLtlgrmRGsIbQ5AXBMjQ=,TkLNRlJdiNiECqERQuzMgwE4AlY=
-3,-153,y1iZjCZkLtlgrmRGsIbQ5AXBMjQ=,TkLNRlJdiNiECqERQuzMgwE4AlY=
-2,-153,y1iZjCZkLtlgrmRGsIbQ5AXBMjQ=,TkLNRlJdiNiECqERQuzMgwE4AlY=
-9,-152,y1iZjCZkLtlgrmRGsIbQ5AXBMjQ=,X5Xch6SCZxeRbjyaSdeKN6+TKok=
-13,-151,y1iZjCZkLtlgrmRGsIbQ5AXBMjQ=,X5Xch6SCZxeRbjyaSdeKN6+TKok=
-14,-151,y1iZjCZkLtlgrmRGsIbQ5AXBMjQ=,X5Xch6SCZxeRbjyaSdeKN6+TKok=
-15,-151,y1iZjCZkLtlgrmRGsIbQ5AXBMjQ=,X5Xch6SCZxeRbjyaSdeKN6+TKok=
-10,-152,y1iZjCZkLtlgrmRGsIbQ5AXBMjQ=,X5Xch6SCZxeRbjyaSdeKN6+TKok=
-11,-152,y1iZjCZkLtlgrmRGsIbQ5AXBMjQ=,X5Xch6SCZxeRbjyaSdeKN6+TKok=
-12,-152,y1iZjCZkLtlgrmRGsIbQ5AXBMjQ=,X5Xch6SCZxeRbjyaSdeKN6+TKok=
-13,-152,y1iZjCZkLtlgrmRGsIbQ5AXBMjQ=,X5Xch6SCZxeRbjyaSdeKN6+TKok=
-14,-152,y1iZjCZkLtlgrmRGsIbQ5AXBMjQ=,X5Xch6SCZxeRbjyaSdeKN6+TKok=
-15,-152,y1iZjCZkLtlgrmRGsIbQ5AXBMjQ=,X5Xch6SCZxeRbjyaSdeKN6+TKok=
-10,-146,y1iZjCZkLtlgrmRGsIbQ5AXBMjQ=,X5Xch6SCZxeRbjyaSdeKN6+TKok=
-11,-146,y1iZjCZkLtlgrmRGsIbQ5AXBMjQ=,X5Xch6SCZxeRbjyaSdeKN6+TKok=
-12,-146,y1iZjCZkLtlgrmRGsIbQ5AXBMjQ=,X5Xch6SCZxeRbjyaSdeKN6+TKok=
-13,-146,y1iZjCZkLtlgrmRGsIbQ5AXBMjQ=,X5Xch6SCZxeRbjyaSdeKN6+TKok=
-14,-146,y1iZjCZkLtlgrmRGsIbQ5AXBMjQ=,X5Xch6SCZxeRbjyaSdeKN6+TKok=
-15,-146,y1iZjCZkLtlgrmRGsIbQ5AXBMjQ=,X5Xch6SCZxeRbjyaSdeKN6+TKok=
-10,-147,y1iZjCZkLtlgrmRGsIbQ5AXBMjQ=,X5Xch6SCZxeRbjyaSdeKN6+TKok=
-11,-147,y1iZjCZkLtlgrmRGsIbQ5AXBMjQ=,X5Xch6SCZxeRbjyaSdeKN6+TKok=
-12,-147,y1iZjCZkLtlgrmRGsIbQ5AXBMjQ=,X5Xch6SCZxeRbjyaSdeKN6+TKok=
-13,-147,y1iZjCZkLtlgrmRGsIbQ5AXBMjQ=,X5Xch6SCZxeRbjyaSdeKN6+TKok=
-14,-147,y1iZjCZkLtlgrmRGsIbQ5AXBMjQ=,X5Xch6SCZxeRbjyaSdeKN6+TKok=
-15,-147,y1iZjCZkLtlgrmRGsIbQ5AXBMjQ=,X5Xch6SCZxeRbjyaSdeKN6+TKok=
-10,-148,y1iZjCZkLtlgrmRGsIbQ5AXBMjQ=,X5Xch6SCZxeRbjyaSdeKN6+TKok=
-11,-148,y1iZjCZkLtlgrmRGsIbQ5AXBMjQ=,X5Xch6SCZxeRbjyaSdeKN6+TKok=
-12,-148,y1iZjCZkLtlgrmRGsIbQ5AXBMjQ=,X5Xch6SCZxeRbjyaSdeKN6+TKok=
-13,-148,y1iZjCZkLtlgrmRGsIbQ5AXBMjQ=,X5Xch6SCZxeRbjyaSdeKN6+TKok=
-14,-148,y1iZjCZkLtlgrmRGsIbQ5AXBMjQ=,X5Xch6SCZxeRbjyaSdeKN6+TKok=
-15,-148,y1iZjCZkLtlgrmRGsIbQ5AXBMjQ=,X5Xch6SCZxeRbjyaSdeKN6+TKok=
-11,-149,y1iZjCZkLtlgrmRGsIbQ5AXBMjQ=,X5Xch6SCZxeRbjyaSdeKN6+TKok=
-10,-149,y1iZjCZkLtlgrmRGsIbQ5AXBMjQ=,X5Xch6SCZxeRbjyaSdeKN6+TKok=
-12,-149,y1iZjCZkLtlgrmRGsIbQ5AXBMjQ=,X5Xch6SCZxeRbjyaSdeKN6+TKok=
-13,-149,y1iZjCZkLtlgrmRGsIbQ5AXBMjQ=,X5Xch6SCZxeRbjyaSdeKN6+TKok=
-14,-149,y1iZjCZkLtlgrmRGsIbQ5AXBMjQ=,X5Xch6SCZxeRbjyaSdeKN6+TKok=
-15,-149,y1iZjCZkLtlgrmRGsIbQ5AXBMjQ=,X5Xch6SCZxeRbjyaSdeKN6+TKok=
-10,-150,y1iZjCZkLtlgrmRGsIbQ5AXBMjQ=,X5Xch6SCZxeRbjyaSdeKN6+TKok=
-11,-150,y1iZjCZkLtlgrmRGsIbQ5AXBMjQ=,X5Xch6SCZxeRbjyaSdeKN6+TKok=
-12,-150,y1iZjCZkLtlgrmRGsIbQ5AXBMjQ=,X5Xch6SCZxeRbjyaSdeKN6+TKok=
-13,-150,y1iZjCZkLtlgrmRGsIbQ5AXBMjQ=,X5Xch6SCZxeRbjyaSdeKN6+TKok=
-14,-150,y1iZjCZkLtlgrmRGsIbQ5AXBMjQ=,X5Xch6SCZxeRbjyaSdeKN6+TKok=
-15,-150,y1iZjCZkLtlgrmRGsIbQ5AXBMjQ=,X5Xch6SCZxeRbjyaSdeKN6+TKok=
-10,-151,y1iZjCZkLtlgrmRGsIbQ5AXBMjQ=,X5Xch6SCZxeRbjyaSdeKN6+TKok=
-11,-151,y1iZjCZkLtlgrmRGsIbQ5AXBMjQ=,X5Xch6SCZxeRbjyaSdeKN6+TKok=
-8,-145,y1iZjCZkLtlgrmRGsIbQ5AXBMjQ=,sfg8AU+OQc3RfXlr0eHsor7WEIc=
-15,-145,y1iZjCZkLtlgrmRGsIbQ5AXBMjQ=,X5Xch6SCZxeRbjyaSdeKN6+TKok=
-14,-145,y1iZjCZkLtlgrmRGsIbQ5AXBMjQ=,X5Xch6SCZxeRbjyaSdeKN6+TKok=
-13,-145,y1iZjCZkLtlgrmRGsIbQ5AXBMjQ=,X5Xch6SCZxeRbjyaSdeKN6+TKok=
-12,-145,y1iZjCZkLtlgrmRGsIbQ5AXBMjQ=,X5Xch6SCZxeRbjyaSdeKN6+TKok=
-11,-145,y1iZjCZkLtlgrmRGsIbQ5AXBMjQ=,X5Xch6SCZxeRbjyaSdeKN6+TKok=
-10,-145,y1iZjCZkLtlgrmRGsIbQ5AXBMjQ=,X5Xch6SCZxeRbjyaSdeKN6+TKok=
-9,-145,y1iZjCZkLtlgrmRGsIbQ5AXBMjQ=,X5Xch6SCZxeRbjyaSdeKN6+TKok=
-7,-145,y1iZjCZkLtlgrmRGsIbQ5AXBMjQ=,sfg8AU+OQc3RfXlr0eHsor7WEIc=
-6,-145,y1iZjCZkLtlgrmRGsIbQ5AXBMjQ=,sfg8AU+OQc3RfXlr0eHsor7WEIc=
-3,-145,y1iZjCZkLtlgrmRGsIbQ5AXBMjQ=,sfg8AU+OQc3RfXlr0eHsor7WEIc=
-5,-145,y1iZjCZkLtlgrmRGsIbQ5AXBMjQ=,sfg8AU+OQc3RfXlr0eHsor7WEIc=
-1,-159,y1iZjCZkLtlgrmRGsIbQ5AXBMjQ=,TkLNRlJdiNiECqERQuzMgwE4AlY=
-1,-158,y1iZjCZkLtlgrmRGsIbQ5AXBMjQ=,TkLNRlJdiNiECqERQuzMgwE4AlY=
-1,-157,y1iZjCZkLtlgrmRGsIbQ5AXBMjQ=,TkLNRlJdiNiECqERQuzMgwE4AlY=
-1,-156,y1iZjCZkLtlgrmRGsIbQ5AXBMjQ=,TkLNRlJdiNiECqERQuzMgwE4AlY=
-1,-155,y1iZjCZkLtlgrmRGsIbQ5AXBMjQ=,TkLNRlJdiNiECqERQuzMgwE4AlY=
-2,-145,y1iZjCZkLtlgrmRGsIbQ5AXBMjQ=,sfg8AU+OQc3RfXlr0eHsor7WEIc=
-1,-152,y1iZjCZkLtlgrmRGsIbQ5AXBMjQ=,sfg8AU+OQc3RfXlr0eHsor7WEIc=
-1,-154,y1iZjCZkLtlgrmRGsIbQ5AXBMjQ=,TkLNRlJdiNiECqERQuzMgwE4AlY=
-1,-153,y1iZjCZkLtlgrmRGsIbQ5AXBMjQ=,TkLNRlJdiNiECqERQuzMgwE4AlY=
-4,-145,y1iZjCZkLtlgrmRGsIbQ5AXBMjQ=,sfg8AU+OQc3RfXlr0eHsor7WEIc=
-1,-146,y1iZjCZkLtlgrmRGsIbQ5AXBMjQ=,sfg8AU+OQc3RfXlr0eHsor7WEIc=
-1,-148,y1iZjCZkLtlgrmRGsIbQ5AXBMjQ=,sfg8AU+OQc3RfXlr0eHsor7WEIc=
-1,-145,y1iZjCZkLtlgrmRGsIbQ5AXBMjQ=,sfg8AU+OQc3RfXlr0eHsor7WEIc=
-16,-150,y1iZjCZkLtlgrmRGsIbQ5AXBMjQ=,X5Xch6SCZxeRbjyaSdeKN6+TKok=
-16,-149,y1iZjCZkLtlgrmRGsIbQ5AXBMjQ=,X5Xch6SCZxeRbjyaSdeKN6+TKok=
-16,-148,y1iZjCZkLtlgrmRGsIbQ5AXBMjQ=,X5Xch6SCZxeRbjyaSdeKN6+TKok=
-16,-147,y1iZjCZkLtlgrmRGsIbQ5AXBMjQ=,X5Xch6SCZxeRbjyaSdeKN6+TKok=
-16,-151,y1iZjCZkLtlgrmRGsIbQ5AXBMjQ=,X5Xch6SCZxeRbjyaSdeKN6+TKok=
-16,-145,y1iZjCZkLtlgrmRGsIbQ5AXBMjQ=,X5Xch6SCZxeRbjyaSdeKN6+TKok=
-16,-146,y1iZjCZkLtlgrmRGsIbQ5AXBMjQ=,X5Xch6SCZxeRbjyaSdeKN6+TKok=
-8,-160,y1iZjCZkLtlgrmRGsIbQ5AXBMjQ=,TkLNRlJdiNiECqERQuzMgwE4AlY=
-7,-160,y1iZjCZkLtlgrmRGsIbQ5AXBMjQ=,TkLNRlJdiNiECqERQuzMgwE4AlY=
-6,-160,y1iZjCZkLtlgrmRGsIbQ5AXBMjQ=,TkLNRlJdiNiECqERQuzMgwE4AlY=
-5,-160,y1iZjCZkLtlgrmRGsIbQ5AXBMjQ=,TkLNRlJdiNiECqERQuzMgwE4AlY=
-4,-160,y1iZjCZkLtlgrmRGsIbQ5AXBMjQ=,TkLNRlJdiNiECqERQuzMgwE4AlY=
-3,-160,y1iZjCZkLtlgrmRGsIbQ5AXBMjQ=,TkLNRlJdiNiECqERQuzMgwE4AlY=
-2,-160,y1iZjCZkLtlgrmRGsIbQ5AXBMjQ=,TkLNRlJdiNiECqERQuzMgwE4AlY=
-1,-160,y1iZjCZkLtlgrmRGsIbQ5AXBMjQ=,TkLNRlJdiNiECqERQuzMgwE4AlY=
-16,-152,y1iZjCZkLtlgrmRGsIbQ5AXBMjQ=,X5Xch6SCZxeRbjyaSdeKN6+TKok=
-31,-157,60VUHAlSEdbbt+I8oG+C5l4E6/g=,X5Xch6SCZxeRbjyaSdeKN6+TKok=
-27,-158,60VUHAlSEdbbt+I8oG+C5l4E6/g=,X5Xch6SCZxeRbjyaSdeKN6+TKok=
-30,-157,60VUHAlSEdbbt+I8oG+C5l4E6/g=,X5Xch6SCZxeRbjyaSdeKN6+TKok=
-28,-158,60VUHAlSEdbbt+I8oG+C5l4E6/g=,X5Xch6SCZxeRbjyaSdeKN6+TKok=
-29,-158,60VUHAlSEdbbt+I8oG+C5l4E6/g=,X5Xch6SCZxeRbjyaSdeKN6+TKok=
-30,-158,60VUHAlSEdbbt+I8oG+C5l4E6/g=,X5Xch6SCZxeRbjyaSdeKN6+TKok=
-31,-158,60VUHAlSEdbbt+I8oG+C5l4E6/g=,X5Xch6SCZxeRbjyaSdeKN6+TKok=
-26,-153,60VUHAlSEdbbt+I8oG+C5l4E6/g=,X5Xch6SCZxeRbjyaSdeKN6+TKok=
-26,-158,60VUHAlSEdbbt+I8oG+C5l4E6/g=,X5Xch6SCZxeRbjyaSdeKN6+TKok=
-27,-153,60VUHAlSEdbbt+I8oG+C5l4E6/g=,X5Xch6SCZxeRbjyaSdeKN6+TKok=
-28,-153,60VUHAlSEdbbt+I8oG+C5l4E6/g=,X5Xch6SCZxeRbjyaSdeKN6+TKok=
-26,-159,60VUHAlSEdbbt+I8oG+C5l4E6/g=,X5Xch6SCZxeRbjyaSdeKN6+TKok=
-27,-159,60VUHAlSEdbbt+I8oG+C5l4E6/g=,X5Xch6SCZxeRbjyaSdeKN6+TKok=
-28,-159,60VUHAlSEdbbt+I8oG+C5l4E6/g=,X5Xch6SCZxeRbjyaSdeKN6+TKok=
-29,-153,60VUHAlSEdbbt+I8oG+C5l4E6/g=,X5Xch6SCZxeRbjyaSdeKN6+TKok=
-29,-159,60VUHAlSEdbbt+I8oG+C5l4E6/g=,X5Xch6SCZxeRbjyaSdeKN6+TKok=
-30,-159,60VUHAlSEdbbt+I8oG+C5l4E6/g=,X5Xch6SCZxeRbjyaSdeKN6+TKok=
-31,-159,60VUHAlSEdbbt+I8oG+C5l4E6/g=,X5Xch6SCZxeRbjyaSdeKN6+TKok=
-30,-153,60VUHAlSEdbbt+I8oG+C5l4E6/g=,X5Xch6SCZxeRbjyaSdeKN6+TKok=
-31,-153,60VUHAlSEdbbt+I8oG+C5l4E6/g=,X5Xch6SCZxeRbjyaSdeKN6+TKok=
-26,-154,60VUHAlSEdbbt+I8oG+C5l4E6/g=,X5Xch6SCZxeRbjyaSdeKN6+TKok=
-27,-154,60VUHAlSEdbbt+I8oG+C5l4E6/g=,X5Xch6SCZxeRbjyaSdeKN6+TKok=
-28,-154,60VUHAlSEdbbt+I8oG+C5l4E6/g=,X5Xch6SCZxeRbjyaSdeKN6+TKok=
-29,-154,60VUHAlSEdbbt+I8oG+C5l4E6/g=,X5Xch6SCZxeRbjyaSdeKN6+TKok=
-30,-154,60VUHAlSEdbbt+I8oG+C5l4E6/g=,X5Xch6SCZxeRbjyaSdeKN6+TKok=
-31,-154,60VUHAlSEdbbt+I8oG+C5l4E6/g=,X5Xch6SCZxeRbjyaSdeKN6+TKok=
-26,-155,60VUHAlSEdbbt+I8oG+C5l4E6/g=,X5Xch6SCZxeRbjyaSdeKN6+TKok=
-28,-155,60VUHAlSEdbbt+I8oG+C5l4E6/g=,X5Xch6SCZxeRbjyaSdeKN6+TKok=
-27,-155,60VUHAlSEdbbt+I8oG+C5l4E6/g=,X5Xch6SCZxeRbjyaSdeKN6+TKok=
-29,-155,60VUHAlSEdbbt+I8oG+C5l4E6/g=,X5Xch6SCZxeRbjyaSdeKN6+TKok=
-30,-155,60VUHAlSEdbbt+I8oG+C5l4E6/g=,X5Xch6SCZxeRbjyaSdeKN6+TKok=
-31,-155,60VUHAlSEdbbt+I8oG+C5l4E6/g=,X5Xch6SCZxeRbjyaSdeKN6+TKok=
-26,-156,60VUHAlSEdbbt+I8oG+C5l4E6/g=,X5Xch6SCZxeRbjyaSdeKN6+TKok=
-27,-156,60VUHAlSEdbbt+I8oG+C5l4E6/g=,X5Xch6SCZxeRbjyaSdeKN6+TKok=
-28,-156,60VUHAlSEdbbt+I8oG+C5l4E6/g=,X5Xch6SCZxeRbjyaSdeKN6+TKok=
-29,-156,60VUHAlSEdbbt+I8oG+C5l4E6/g=,X5Xch6SCZxeRbjyaSdeKN6+TKok=
-30,-156,60VUHAlSEdbbt+I8oG+C5l4E6/g=,X5Xch6SCZxeRbjyaSdeKN6+TKok=
-31,-156,60VUHAlSEdbbt+I8oG+C5l4E6/g=,X5Xch6SCZxeRbjyaSdeKN6+TKok=
-26,-157,60VUHAlSEdbbt+I8oG+C5l4E6/g=,X5Xch6SCZxeRbjyaSdeKN6+TKok=
-27,-157,60VUHAlSEdbbt+I8oG+C5l4E6/g=,X5Xch6SCZxeRbjyaSdeKN6+TKok=
-28,-157,60VUHAlSEdbbt+I8oG+C5l4E6/g=,X5Xch6SCZxeRbjyaSdeKN6+TKok=
-29,-157,60VUHAlSEdbbt+I8oG+C5l4E6/g=,X5Xch6SCZxeRbjyaSdeKN6+TKok=
-24,-151,60VUHAlSEdbbt+I8oG+C5l4E6/g=,X5Xch6SCZxeRbjyaSdeKN6+TKok=
-18,-148,60VUHAlSEdbbt+I8oG+C5l4E6/g=,X5Xch6SCZxeRbjyaSdeKN6+TKok=
-17,-148,60VUHAlSEdbbt+I8oG+C5l4E6/g=,X5Xch6SCZxeRbjyaSdeKN6+TKok=
-20,-148,60VUHAlSEdbbt+I8oG+C5l4E6/g=,X5Xch6SCZxeRbjyaSdeKN6+TKok=
-21,-148,60VUHAlSEdbbt+I8oG+C5l4E6/g=,X5Xch6SCZxeRbjyaSdeKN6+TKok=
-18,-150,60VUHAlSEdbbt+I8oG+C5l4E6/g=,X5Xch6SCZxeRbjyaSdeKN6+TKok=
-19,-150,60VUHAlSEdbbt+I8oG+C5l4E6/g=,X5Xch6SCZxeRbjyaSdeKN6+TKok=
-17,-149,60VUHAlSEdbbt+I8oG+C5l4E6/g=,X5Xch6SCZxeRbjyaSdeKN6+TKok=
-17,-150,60VUHAlSEdbbt+I8oG+C5l4E6/g=,X5Xch6SCZxeRbjyaSdeKN6+TKok=
-17,-151,60VUHAlSEdbbt+I8oG+C5l4E6/g=,X5Xch6SCZxeRbjyaSdeKN6+TKok=
-22,-148,60VUHAlSEdbbt+I8oG+C5l4E6/g=,X5Xch6SCZxeRbjyaSdeKN6+TKok=
-20,-150,60VUHAlSEdbbt+I8oG+C5l4E6/g=,X5Xch6SCZxeRbjyaSdeKN6+TKok=
-18,-151,60VUHAlSEdbbt+I8oG+C5l4E6/g=,X5Xch6SCZxeRbjyaSdeKN6+TKok=
-21,-150,60VUHAlSEdbbt+I8oG+C5l4E6/g=,X5Xch6SCZxeRbjyaSdeKN6+TKok=
-20,-149,60VUHAlSEdbbt+I8oG+C5l4E6/g=,X5Xch6SCZxeRbjyaSdeKN6+TKok=
-23,-149,60VUHAlSEdbbt+I8oG+C5l4E6/g=,X5Xch6SCZxeRbjyaSdeKN6+TKok=
-21,-149,60VUHAlSEdbbt+I8oG+C5l4E6/g=,X5Xch6SCZxeRbjyaSdeKN6+TKok=
-22,-149,60VUHAlSEdbbt+I8oG+C5l4E6/g=,X5Xch6SCZxeRbjyaSdeKN6+TKok=
-24,-149,60VUHAlSEdbbt+I8oG+C5l4E6/g=,X5Xch6SCZxeRbjyaSdeKN6+TKok=
-18,-145,60VUHAlSEdbbt+I8oG+C5l4E6/g=,X5Xch6SCZxeRbjyaSdeKN6+TKok=
-19,-145,60VUHAlSEdbbt+I8oG+C5l4E6/g=,X5Xch6SCZxeRbjyaSdeKN6+TKok=
-20,-145,60VUHAlSEdbbt+I8oG+C5l4E6/g=,X5Xch6SCZxeRbjyaSdeKN6+TKok=
-21,-145,60VUHAlSEdbbt+I8oG+C5l4E6/g=,X5Xch6SCZxeRbjyaSdeKN6+TKok=
-23,-148,60VUHAlSEdbbt+I8oG+C5l4E6/g=,X5Xch6SCZxeRbjyaSdeKN6+TKok=
-22,-145,60VUHAlSEdbbt+I8oG+C5l4E6/g=,X5Xch6SCZxeRbjyaSdeKN6+TKok=
-22,-150,60VUHAlSEdbbt+I8oG+C5l4E6/g=,X5Xch6SCZxeRbjyaSdeKN6+TKok=
-23,-150,60VUHAlSEdbbt+I8oG+C5l4E6/g=,X5Xch6SCZxeRbjyaSdeKN6+TKok=
-19,-146,60VUHAlSEdbbt+I8oG+C5l4E6/g=,X5Xch6SCZxeRbjyaSdeKN6+TKok=
-20,-146,60VUHAlSEdbbt+I8oG+C5l4E6/g=,X5Xch6SCZxeRbjyaSdeKN6+TKok=
-21,-146,60VUHAlSEdbbt+I8oG+C5l4E6/g=,X5Xch6SCZxeRbjyaSdeKN6+TKok=
-19,-151,60VUHAlSEdbbt+I8oG+C5l4E6/g=,X5Xch6SCZxeRbjyaSdeKN6+TKok=
-24,-148,60VUHAlSEdbbt+I8oG+C5l4E6/g=,X5Xch6SCZxeRbjyaSdeKN6+TKok=
-22,-146,60VUHAlSEdbbt+I8oG+C5l4E6/g=,X5Xch6SCZxeRbjyaSdeKN6+TKok=
-23,-146,60VUHAlSEdbbt+I8oG+C5l4E6/g=,X5Xch6SCZxeRbjyaSdeKN6+TKok=
-24,-146,60VUHAlSEdbbt+I8oG+C5l4E6/g=,X5Xch6SCZxeRbjyaSdeKN6+TKok=
-20,-147,60VUHAlSEdbbt+I8oG+C5l4E6/g=,X5Xch6SCZxeRbjyaSdeKN6+TKok=
-23,-145,60VUHAlSEdbbt+I8oG+C5l4E6/g=,X5Xch6SCZxeRbjyaSdeKN6+TKok=
-24,-150,60VUHAlSEdbbt+I8oG+C5l4E6/g=,X5Xch6SCZxeRbjyaSdeKN6+TKok=
-21,-147,60VUHAlSEdbbt+I8oG+C5l4E6/g=,X5Xch6SCZxeRbjyaSdeKN6+TKok=
-22,-147,60VUHAlSEdbbt+I8oG+C5l4E6/g=,X5Xch6SCZxeRbjyaSdeKN6+TKok=
-23,-151,60VUHAlSEdbbt+I8oG+C5l4E6/g=,X5Xch6SCZxeRbjyaSdeKN6+TKok=
-23,-147,60VUHAlSEdbbt+I8oG+C5l4E6/g=,X5Xch6SCZxeRbjyaSdeKN6+TKok=
-24,-147,60VUHAlSEdbbt+I8oG+C5l4E6/g=,X5Xch6SCZxeRbjyaSdeKN6+TKok=
-31,-160,60VUHAlSEdbbt+I8oG+C5l4E6/g=,X5Xch6SCZxeRbjyaSdeKN6+TKok=
-27,-160,60VUHAlSEdbbt+I8oG+C5l4E6/g=,X5Xch6SCZxeRbjyaSdeKN6+TKok=
-26,-160,60VUHAlSEdbbt+I8oG+C5l4E6/g=,X5Xch6SCZxeRbjyaSdeKN6+TKok=
-28,-160,60VUHAlSEdbbt+I8oG+C5l4E6/g=,X5Xch6SCZxeRbjyaSdeKN6+TKok=
-29,-160,60VUHAlSEdbbt+I8oG+C5l4E6/g=,X5Xch6SCZxeRbjyaSdeKN6+TKok=
-30,-160,60VUHAlSEdbbt+I8oG+C5l4E6/g=,X5Xch6SCZxeRbjyaSdeKN6+TKok=
-17,-145,60VUHAlSEdbbt+I8oG+C5l4E6/g=,X5Xch6SCZxeRbjyaSdeKN6+TKok=
-24,-145,60VUHAlSEdbbt+I8oG+C5l4E6/g=,X5Xch6SCZxeRbjyaSdeKN6+TKok=
-17,-146,60VUHAlSEdbbt+I8oG+C5l4E6/g=,X5Xch6SCZxeRbjyaSdeKN6+TKok=
-19,-148,60VUHAlSEdbbt+I8oG+C5l4E6/g=,X5Xch6SCZxeRbjyaSdeKN6+TKok=
-18,-146,60VUHAlSEdbbt+I8oG+C5l4E6/g=,X5Xch6SCZxeRbjyaSdeKN6+TKok=
-18,-147,60VUHAlSEdbbt+I8oG+C5l4E6/g=,X5Xch6SCZxeRbjyaSdeKN6+TKok=
-17,-147,60VUHAlSEdbbt+I8oG+C5l4E6/g=,X5Xch6SCZxeRbjyaSdeKN6+TKok=
-19,-147,60VUHAlSEdbbt+I8oG+C5l4E6/g=,X5Xch6SCZxeRbjyaSdeKN6+TKok=
-32,-156,60VUHAlSEdbbt+I8oG+C5l4E6/g=,X5Xch6SCZxeRbjyaSdeKN6+TKok=
-32,-153,60VUHAlSEdbbt+I8oG+C5l4E6/g=,X5Xch6SCZxeRbjyaSdeKN6+TKok=
-32,-155,60VUHAlSEdbbt+I8oG+C5l4E6/g=,X5Xch6SCZxeRbjyaSdeKN6+TKok=
-32,-154,60VUHAlSEdbbt+I8oG+C5l4E6/g=,X5Xch6SCZxeRbjyaSdeKN6+TKok=
-32,-160,60VUHAlSEdbbt+I8oG+C5l4E6/g=,X5Xch6SCZxeRbjyaSdeKN6+TKok=
-32,-157,60VUHAlSEdbbt+I8oG+C5l4E6/g=,X5Xch6SCZxeRbjyaSdeKN6+TKok=
-32,-158,60VUHAlSEdbbt+I8oG+C5l4E6/g=,X5Xch6SCZxeRbjyaSdeKN6+TKok=
-32,-159,60VUHAlSEdbbt+I8oG+C5l4E6/g=,X5Xch6SCZxeRbjyaSdeKN6+TKok=
-24,-155,60VUHAlSEdbbt+I8oG+C5l4E6/g=,sfg8AU+OQc3RfXlr0eHsor7WEIc=
-17,-156,60VUHAlSEdbbt+I8oG+C5l4E6/g=,sfg8AU+OQc3RfXlr0eHsor7WEIc=
-25,-158,60VUHAlSEdbbt+I8oG+C5l4E6/g=,X5Xch6SCZxeRbjyaSdeKN6+TKok=
-17,-152,60VUHAlSEdbbt+I8oG+C5l4E6/g=,X5Xch6SCZxeRbjyaSdeKN6+TKok=
-18,-156,60VUHAlSEdbbt+I8oG+C5l4E6/g=,sfg8AU+OQc3RfXlr0eHsor7WEIc=
-17,-159,60VUHAlSEdbbt+I8oG+C5l4E6/g=,sfg8AU+OQc3RfXlr0eHsor7WEIc=
-18,-159,60VUHAlSEdbbt+I8oG+C5l4E6/g=,sfg8AU+OQc3RfXlr0eHsor7WEIc=
-25,-153,60VUHAlSEdbbt+I8oG+C5l4E6/g=,X5Xch6SCZxeRbjyaSdeKN6+TKok=
-19,-152,60VUHAlSEdbbt+I8oG+C5l4E6/g=,X5Xch6SCZxeRbjyaSdeKN6+TKok=
-23,-156,60VUHAlSEdbbt+I8oG+C5l4E6/g=,sfg8AU+OQc3RfXlr0eHsor7WEIc=
-17,-157,60VUHAlSEdbbt+I8oG+C5l4E6/g=,sfg8AU+OQc3RfXlr0eHsor7WEIc=
-18,-157,60VUHAlSEdbbt+I8oG+C5l4E6/g=,sfg8AU+OQc3RfXlr0eHsor7WEIc=
-17,-160,60VUHAlSEdbbt+I8oG+C5l4E6/g=,sfg8AU+OQc3RfXlr0eHsor7WEIc=
-18,-158,60VUHAlSEdbbt+I8oG+C5l4E6/g=,sfg8AU+OQc3RfXlr0eHsor7WEIc=
-18,-160,60VUHAlSEdbbt+I8oG+C5l4E6/g=,sfg8AU+OQc3RfXlr0eHsor7WEIc=
-24,-157,60VUHAlSEdbbt+I8oG+C5l4E6/g=,sfg8AU+OQc3RfXlr0eHsor7WEIc=
-24,-156,60VUHAlSEdbbt+I8oG+C5l4E6/g=,sfg8AU+OQc3RfXlr0eHsor7WEIc=
-25,-159,60VUHAlSEdbbt+I8oG+C5l4E6/g=,X5Xch6SCZxeRbjyaSdeKN6+TKok=
-25,-160,60VUHAlSEdbbt+I8oG+C5l4E6/g=,X5Xch6SCZxeRbjyaSdeKN6+TKok=
-20,-160,60VUHAlSEdbbt+I8oG+C5l4E6/g=,sfg8AU+OQc3RfXlr0eHsor7WEIc=
-17,-153,60VUHAlSEdbbt+I8oG+C5l4E6/g=,sfg8AU+OQc3RfXlr0eHsor7WEIc=
-19,-153,60VUHAlSEdbbt+I8oG+C5l4E6/g=,sfg8AU+OQc3RfXlr0eHsor7WEIc=
-18,-153,60VUHAlSEdbbt+I8oG+C5l4E6/g=,sfg8AU+OQc3RfXlr0eHsor7WEIc=
-25,-154,60VUHAlSEdbbt+I8oG+C5l4E6/g=,X5Xch6SCZxeRbjyaSdeKN6+TKok=
-23,-153,60VUHAlSEdbbt+I8oG+C5l4E6/g=,sfg8AU+OQc3RfXlr0eHsor7WEIc=
-25,-155,60VUHAlSEdbbt+I8oG+C5l4E6/g=,X5Xch6SCZxeRbjyaSdeKN6+TKok=
-24,-153,60VUHAlSEdbbt+I8oG+C5l4E6/g=,sfg8AU+OQc3RfXlr0eHsor7WEIc=
-17,-154,60VUHAlSEdbbt+I8oG+C5l4E6/g=,sfg8AU+OQc3RfXlr0eHsor7WEIc=
-18,-154,60VUHAlSEdbbt+I8oG+C5l4E6/g=,sfg8AU+OQc3RfXlr0eHsor7WEIc=
-22,-160,60VUHAlSEdbbt+I8oG+C5l4E6/g=,sfg8AU+OQc3RfXlr0eHsor7WEIc=
-23,-154,60VUHAlSEdbbt+I8oG+C5l4E6/g=,sfg8AU+OQc3RfXlr0eHsor7WEIc=
-24,-154,60VUHAlSEdbbt+I8oG+C5l4E6/g=,sfg8AU+OQc3RfXlr0eHsor7WEIc=
-25,-156,60VUHAlSEdbbt+I8oG+C5l4E6/g=,X5Xch6SCZxeRbjyaSdeKN6+TKok=
-17,-155,60VUHAlSEdbbt+I8oG+C5l4E6/g=,sfg8AU+OQc3RfXlr0eHsor7WEIc=
-23,-152,60VUHAlSEdbbt+I8oG+C5l4E6/g=,X5Xch6SCZxeRbjyaSdeKN6+TKok=
-18,-152,60VUHAlSEdbbt+I8oG+C5l4E6/g=,X5Xch6SCZxeRbjyaSdeKN6+TKok=
-18,-155,60VUHAlSEdbbt+I8oG+C5l4E6/g=,sfg8AU+OQc3RfXlr0eHsor7WEIc=
-25,-157,60VUHAlSEdbbt+I8oG+C5l4E6/g=,X5Xch6SCZxeRbjyaSdeKN6+TKok=
-24,-152,60VUHAlSEdbbt+I8oG+C5l4E6/g=,X5Xch6SCZxeRbjyaSdeKN6+TKok=
-19,-160,60VUHAlSEdbbt+I8oG+C5l4E6/g=,sfg8AU+OQc3RfXlr0eHsor7WEIc=
-17,-158,60VUHAlSEdbbt+I8oG+C5l4E6/g=,sfg8AU+OQc3RfXlr0eHsor7WEIc=
-23,-155,60VUHAlSEdbbt+I8oG+C5l4E6/g=,sfg8AU+OQc3RfXlr0eHsor7WEIc=
-23,-158,60VUHAlSEdbbt+I8oG+C5l4E6/g=,sfg8AU+OQc3RfXlr0eHsor7WEIc=
-22,-155,60VUHAlSEdbbt+I8oG+C5l4E6/g=,sfg8AU+OQc3RfXlr0eHsor7WEIc=
-18,-149,60VUHAlSEdbbt+I8oG+C5l4E6/g=,X5Xch6SCZxeRbjyaSdeKN6+TKok=
-19,-149,60VUHAlSEdbbt+I8oG+C5l4E6/g=,X5Xch6SCZxeRbjyaSdeKN6+TKok=
-20,-151,60VUHAlSEdbbt+I8oG+C5l4E6/g=,X5Xch6SCZxeRbjyaSdeKN6+TKok=
-22,-151,60VUHAlSEdbbt+I8oG+C5l4E6/g=,X5Xch6SCZxeRbjyaSdeKN6+TKok=
-21,-151,60VUHAlSEdbbt+I8oG+C5l4E6/g=,X5Xch6SCZxeRbjyaSdeKN6+TKok=
-22,-156,60VUHAlSEdbbt+I8oG+C5l4E6/g=,sfg8AU+OQc3RfXlr0eHsor7WEIc=
-19,-159,60VUHAlSEdbbt+I8oG+C5l4E6/g=,sfg8AU+OQc3RfXlr0eHsor7WEIc=
-21,-156,60VUHAlSEdbbt+I8oG+C5l4E6/g=,sfg8AU+OQc3RfXlr0eHsor7WEIc=
-21,-155,60VUHAlSEdbbt+I8oG+C5l4E6/g=,sfg8AU+OQc3RfXlr0eHsor7WEIc=
-20,-159,60VUHAlSEdbbt+I8oG+C5l4E6/g=,sfg8AU+OQc3RfXlr0eHsor7WEIc=
-19,-158,60VUHAlSEdbbt+I8oG+C5l4E6/g=,sfg8AU+OQc3RfXlr0eHsor7WEIc=
-22,-159,60VUHAlSEdbbt+I8oG+C5l4E6/g=,sfg8AU+OQc3RfXlr0eHsor7WEIc=
-24,-159,60VUHAlSEdbbt+I8oG+C5l4E6/g=,sfg8AU+OQc3RfXlr0eHsor7WEIc=
-20,-152,60VUHAlSEdbbt+I8oG+C5l4E6/g=,X5Xch6SCZxeRbjyaSdeKN6+TKok=
-23,-157,60VUHAlSEdbbt+I8oG+C5l4E6/g=,sfg8AU+OQc3RfXlr0eHsor7WEIc=
-20,-156,60VUHAlSEdbbt+I8oG+C5l4E6/g=,sfg8AU+OQc3RfXlr0eHsor7WEIc=
-19,-157,60VUHAlSEdbbt+I8oG+C5l4E6/g=,sfg8AU+OQc3RfXlr0eHsor7WEIc=
-20,-157,60VUHAlSEdbbt+I8oG+C5l4E6/g=,sfg8AU+OQc3RfXlr0eHsor7WEIc=
-19,-156,60VUHAlSEdbbt+I8oG+C5l4E6/g=,sfg8AU+OQc3RfXlr0eHsor7WEIc=
-21,-159,60VUHAlSEdbbt+I8oG+C5l4E6/g=,sfg8AU+OQc3RfXlr0eHsor7WEIc=
-23,-159,60VUHAlSEdbbt+I8oG+C5l4E6/g=,sfg8AU+OQc3RfXlr0eHsor7WEIc=
-22,-157,60VUHAlSEdbbt+I8oG+C5l4E6/g=,sfg8AU+OQc3RfXlr0eHsor7WEIc=
-21,-160,60VUHAlSEdbbt+I8oG+C5l4E6/g=,sfg8AU+OQc3RfXlr0eHsor7WEIc=
-20,-155,60VUHAlSEdbbt+I8oG+C5l4E6/g=,sfg8AU+OQc3RfXlr0eHsor7WEIc=
-24,-158,60VUHAlSEdbbt+I8oG+C5l4E6/g=,sfg8AU+OQc3RfXlr0eHsor7WEIc=
-21,-152,60VUHAlSEdbbt+I8oG+C5l4E6/g=,X5Xch6SCZxeRbjyaSdeKN6+TKok=
-19,-154,60VUHAlSEdbbt+I8oG+C5l4E6/g=,sfg8AU+OQc3RfXlr0eHsor7WEIc=
-22,-158,60VUHAlSEdbbt+I8oG+C5l4E6/g=,sfg8AU+OQc3RfXlr0eHsor7WEIc=
-23,-160,60VUHAlSEdbbt+I8oG+C5l4E6/g=,sfg8AU+OQc3RfXlr0eHsor7WEIc=
-21,-158,60VUHAlSEdbbt+I8oG+C5l4E6/g=,sfg8AU+OQc3RfXlr0eHsor7WEIc=
-20,-153,60VUHAlSEdbbt+I8oG+C5l4E6/g=,sfg8AU+OQc3RfXlr0eHsor7WEIc=
-20,-158,60VUHAlSEdbbt+I8oG+C5l4E6/g=,sfg8AU+OQc3RfXlr0eHsor7WEIc=
-22,-153,60VUHAlSEdbbt+I8oG+C5l4E6/g=,sfg8AU+OQc3RfXlr0eHsor7WEIc=
-22,-154,60VUHAlSEdbbt+I8oG+C5l4E6/g=,sfg8AU+OQc3RfXlr0eHsor7WEIc=
-24,-160,60VUHAlSEdbbt+I8oG+C5l4E6/g=,sfg8AU+OQc3RfXlr0eHsor7WEIc=
-21,-153,60VUHAlSEdbbt+I8oG+C5l4E6/g=,sfg8AU+OQc3RfXlr0eHsor7WEIc=
-21,-154,60VUHAlSEdbbt+I8oG+C5l4E6/g=,sfg8AU+OQc3RfXlr0eHsor7WEIc=
-19,-155,60VUHAlSEdbbt+I8oG+C5l4E6/g=,sfg8AU+OQc3RfXlr0eHsor7WEIc=
-21,-157,60VUHAlSEdbbt+I8oG+C5l4E6/g=,sfg8AU+OQc3RfXlr0eHsor7WEIc=
-20,-154,60VUHAlSEdbbt+I8oG+C5l4E6/g=,sfg8AU+OQc3RfXlr0eHsor7WEIc=
-22,-152,60VUHAlSEdbbt+I8oG+C5l4E6/g=,X5Xch6SCZxeRbjyaSdeKN6+TKok=
-20,-131,60VUHAlSEdbbt+I8oG+C5l4E6/g=,sfg8AU+OQc3RfXlr0eHsor7WEIc=
-22,-135,60VUHAlSEdbbt+I8oG+C5l4E6/g=,sfg8AU+OQc3RfXlr0eHsor7WEIc=
-19,-131,60VUHAlSEdbbt+I8oG+C5l4E6/g=,sfg8AU+OQc3RfXlr0eHsor7WEIc=
-18,-130,60VUHAlSEdbbt+I8oG+C5l4E6/g=,sfg8AU+OQc3RfXlr0eHsor7WEIc=
-18,-131,60VUHAlSEdbbt+I8oG+C5l4E6/g=,sfg8AU+OQc3RfXlr0eHsor7WEIc=
-22,-134,60VUHAlSEdbbt+I8oG+C5l4E6/g=,sfg8AU+OQc3RfXlr0eHsor7WEIc=
-21,-134,60VUHAlSEdbbt+I8oG+C5l4E6/g=,sfg8AU+OQc3RfXlr0eHsor7WEIc=
-20,-134,60VUHAlSEdbbt+I8oG+C5l4E6/g=,sfg8AU+OQc3RfXlr0eHsor7WEIc=
-19,-134,60VUHAlSEdbbt+I8oG+C5l4E6/g=,sfg8AU+OQc3RfXlr0eHsor7WEIc=
-18,-134,xRXoAPP73RwHqLbR7brZSxzXUgU=,sfg8AU+OQc3RfXlr0eHsor7WEIc=
-19,-130,xRXoAPP73RwHqLbR7brZSxzXUgU=,sfg8AU+OQc3RfXlr0eHsor7WEIc=
-20,-130,xRXoAPP73RwHqLbR7brZSxzXUgU=,sfg8AU+OQc3RfXlr0eHsor7WEIc=
-21,-130,xRXoAPP73RwHqLbR7brZSxzXUgU=,sfg8AU+OQc3RfXlr0eHsor7WEIc=
-23,-134,xRXoAPP73RwHqLbR7brZSxzXUgU=,sfg8AU+OQc3RfXlr0eHsor7WEIc=
-23,-135,xRXoAPP73RwHqLbR7brZSxzXUgU=,sfg8AU+OQc3RfXlr0eHsor7WEIc=
-22,-130,xRXoAPP73RwHqLbR7brZSxzXUgU=,sfg8AU+OQc3RfXlr0eHsor7WEIc=
-21,-131,xRXoAPP73RwHqLbR7brZSxzXUgU=,sfg8AU+OQc3RfXlr0eHsor7WEIc=
-22,-131,xRXoAPP73RwHqLbR7brZSxzXUgU=,sfg8AU+OQc3RfXlr0eHsor7WEIc=
-24,-134,xRXoAPP73RwHqLbR7brZSxzXUgU=,sfg8AU+OQc3RfXlr0eHsor7WEIc=
-21,-132,xRXoAPP73RwHqLbR7brZSxzXUgU=,sfg8AU+OQc3RfXlr0eHsor7WEIc=
-23,-131,xRXoAPP73RwHqLbR7brZSxzXUgU=,sfg8AU+OQc3RfXlr0eHsor7WEIc=
-23,-132,xRXoAPP73RwHqLbR7brZSxzXUgU=,sfg8AU+OQc3RfXlr0eHsor7WEIc=
-24,-132,xRXoAPP73RwHqLbR7brZSxzXUgU=,sfg8AU+OQc3RfXlr0eHsor7WEIc=
-22,-132,xRXoAPP73RwHqLbR7brZSxzXUgU=,sfg8AU+OQc3RfXlr0eHsor7WEIc=
-23,-130,xRXoAPP73RwHqLbR7brZSxzXUgU=,sfg8AU+OQc3RfXlr0eHsor7WEIc=
-18,-133,xRXoAPP73RwHqLbR7brZSxzXUgU=,sfg8AU+OQc3RfXlr0eHsor7WEIc=
-19,-133,xRXoAPP73RwHqLbR7brZSxzXUgU=,sfg8AU+OQc3RfXlr0eHsor7WEIc=
-24,-130,xRXoAPP73RwHqLbR7brZSxzXUgU=,sfg8AU+OQc3RfXlr0eHsor7WEIc=
-24,-131,xRXoAPP73RwHqLbR7brZSxzXUgU=,sfg8AU+OQc3RfXlr0eHsor7WEIc=
-20,-133,xRXoAPP73RwHqLbR7brZSxzXUgU=,sfg8AU+OQc3RfXlr0eHsor7WEIc=
-18,-135,xRXoAPP73RwHqLbR7brZSxzXUgU=,sfg8AU+OQc3RfXlr0eHsor7WEIc=
-19,-135,xRXoAPP73RwHqLbR7brZSxzXUgU=,sfg8AU+OQc3RfXlr0eHsor7WEIc=
-18,-132,xRXoAPP73RwHqLbR7brZSxzXUgU=,sfg8AU+OQc3RfXlr0eHsor7WEIc=
-19,-132,xRXoAPP73RwHqLbR7brZSxzXUgU=,sfg8AU+OQc3RfXlr0eHsor7WEIc=
-20,-135,xRXoAPP73RwHqLbR7brZSxzXUgU=,sfg8AU+OQc3RfXlr0eHsor7WEIc=
-20,-132,xRXoAPP73RwHqLbR7brZSxzXUgU=,sfg8AU+OQc3RfXlr0eHsor7WEIc=
-21,-133,xRXoAPP73RwHqLbR7brZSxzXUgU=,sfg8AU+OQc3RfXlr0eHsor7WEIc=
-24,-135,xRXoAPP73RwHqLbR7brZSxzXUgU=,sfg8AU+OQc3RfXlr0eHsor7WEIc=
-23,-133,xRXoAPP73RwHqLbR7brZSxzXUgU=,sfg8AU+OQc3RfXlr0eHsor7WEIc=
-24,-133,xRXoAPP73RwHqLbR7brZSxzXUgU=,sfg8AU+OQc3RfXlr0eHsor7WEIc=
-21,-135,xRXoAPP73RwHqLbR7brZSxzXUgU=,sfg8AU+OQc3RfXlr0eHsor7WEIc=
-22,-133,xRXoAPP73RwHqLbR7brZSxzXUgU=,sfg8AU+OQc3RfXlr0eHsor7WEIc=
-24,-142,xRXoAPP73RwHqLbR7brZSxzXUgU=,sfg8AU+OQc3RfXlr0eHsor7WEIc=
-23,-142,xRXoAPP73RwHqLbR7brZSxzXUgU=,sfg8AU+OQc3RfXlr0eHsor7WEIc=
-22,-142,xRXoAPP73RwHqLbR7brZSxzXUgU=,sfg8AU+OQc3RfXlr0eHsor7WEIc=
-19,-137,xRXoAPP73RwHqLbR7brZSxzXUgU=,sfg8AU+OQc3RfXlr0eHsor7WEIc=
-20,-137,xRXoAPP73RwHqLbR7brZSxzXUgU=,sfg8AU+OQc3RfXlr0eHsor7WEIc=
-18,-143,xRXoAPP73RwHqLbR7brZSxzXUgU=,sfg8AU+OQc3RfXlr0eHsor7WEIc=
-19,-143,xRXoAPP73RwHqLbR7brZSxzXUgU=,sfg8AU+OQc3RfXlr0eHsor7WEIc=
-20,-143,xRXoAPP73RwHqLbR7brZSxzXUgU=,sfg8AU+OQc3RfXlr0eHsor7WEIc=
-21,-143,xRXoAPP73RwHqLbR7brZSxzXUgU=,sfg8AU+OQc3RfXlr0eHsor7WEIc=
-21,-137,xRXoAPP73RwHqLbR7brZSxzXUgU=,sfg8AU+OQc3RfXlr0eHsor7WEIc=
-22,-137,xRXoAPP73RwHqLbR7brZSxzXUgU=,sfg8AU+OQc3RfXlr0eHsor7WEIc=
-22,-143,xRXoAPP73RwHqLbR7brZSxzXUgU=,sfg8AU+OQc3RfXlr0eHsor7WEIc=
-23,-137,xRXoAPP73RwHqLbR7brZSxzXUgU=,sfg8AU+OQc3RfXlr0eHsor7WEIc=
-24,-137,xRXoAPP73RwHqLbR7brZSxzXUgU=,sfg8AU+OQc3RfXlr0eHsor7WEIc=
-18,-138,xRXoAPP73RwHqLbR7brZSxzXUgU=,sfg8AU+OQc3RfXlr0eHsor7WEIc=
-19,-138,xRXoAPP73RwHqLbR7brZSxzXUgU=,sfg8AU+OQc3RfXlr0eHsor7WEIc=
-20,-138,xRXoAPP73RwHqLbR7brZSxzXUgU=,sfg8AU+OQc3RfXlr0eHsor7WEIc=
-23,-143,xRXoAPP73RwHqLbR7brZSxzXUgU=,sfg8AU+OQc3RfXlr0eHsor7WEIc=
-19,-136,xRXoAPP73RwHqLbR7brZSxzXUgU=,sfg8AU+OQc3RfXlr0eHsor7WEIc=
-20,-136,xRXoAPP73RwHqLbR7brZSxzXUgU=,sfg8AU+OQc3RfXlr0eHsor7WEIc=
-24,-143,xRXoAPP73RwHqLbR7brZSxzXUgU=,sfg8AU+OQc3RfXlr0eHsor7WEIc=
-21,-138,xRXoAPP73RwHqLbR7brZSxzXUgU=,sfg8AU+OQc3RfXlr0eHsor7WEIc=
-22,-138,xRXoAPP73RwHqLbR7brZSxzXUgU=,sfg8AU+OQc3RfXlr0eHsor7WEIc=
-23,-138,xRXoAPP73RwHqLbR7brZSxzXUgU=,sfg8AU+OQc3RfXlr0eHsor7WEIc=
-18,-137,xRXoAPP73RwHqLbR7brZSxzXUgU=,sfg8AU+OQc3RfXlr0eHsor7WEIc=
-18,-136,xRXoAPP73RwHqLbR7brZSxzXUgU=,sfg8AU+OQc3RfXlr0eHsor7WEIc=
-24,-138,xRXoAPP73RwHqLbR7brZSxzXUgU=,sfg8AU+OQc3RfXlr0eHsor7WEIc=
-18,-139,xRXoAPP73RwHqLbR7brZSxzXUgU=,sfg8AU+OQc3RfXlr0eHsor7WEIc=
-19,-139,xRXoAPP73RwHqLbR7brZSxzXUgU=,sfg8AU+OQc3RfXlr0eHsor7WEIc=
-20,-139,xRXoAPP73RwHqLbR7brZSxzXUgU=,sfg8AU+OQc3RfXlr0eHsor7WEIc=
-21,-139,xRXoAPP73RwHqLbR7brZSxzXUgU=,sfg8AU+OQc3RfXlr0eHsor7WEIc=
-22,-136,xRXoAPP73RwHqLbR7brZSxzXUgU=,sfg8AU+OQc3RfXlr0eHsor7WEIc=
-22,-139,xRXoAPP73RwHqLbR7brZSxzXUgU=,sfg8AU+OQc3RfXlr0eHsor7WEIc=
-21,-136,xRXoAPP73RwHqLbR7brZSxzXUgU=,sfg8AU+OQc3RfXlr0eHsor7WEIc=
-23,-139,xRXoAPP73RwHqLbR7brZSxzXUgU=,sfg8AU+OQc3RfXlr0eHsor7WEIc=
-24,-139,xRXoAPP73RwHqLbR7brZSxzXUgU=,sfg8AU+OQc3RfXlr0eHsor7WEIc=
-24,-136,xRXoAPP73RwHqLbR7brZSxzXUgU=,sfg8AU+OQc3RfXlr0eHsor7WEIc=
-23,-136,xRXoAPP73RwHqLbR7brZSxzXUgU=,sfg8AU+OQc3RfXlr0eHsor7WEIc=
-18,-140,xRXoAPP73RwHqLbR7brZSxzXUgU=,sfg8AU+OQc3RfXlr0eHsor7WEIc=
-19,-140,xRXoAPP73RwHqLbR7brZSxzXUgU=,sfg8AU+OQc3RfXlr0eHsor7WEIc=
-20,-140,xRXoAPP73RwHqLbR7brZSxzXUgU=,sfg8AU+OQc3RfXlr0eHsor7WEIc=
-21,-140,xRXoAPP73RwHqLbR7brZSxzXUgU=,sfg8AU+OQc3RfXlr0eHsor7WEIc=
-22,-140,xRXoAPP73RwHqLbR7brZSxzXUgU=,sfg8AU+OQc3RfXlr0eHsor7WEIc=
-23,-140,xRXoAPP73RwHqLbR7brZSxzXUgU=,sfg8AU+OQc3RfXlr0eHsor7WEIc=
-24,-140,xRXoAPP73RwHqLbR7brZSxzXUgU=,sfg8AU+OQc3RfXlr0eHsor7WEIc=
-19,-141,xRXoAPP73RwHqLbR7brZSxzXUgU=,sfg8AU+OQc3RfXlr0eHsor7WEIc=
-20,-141,xRXoAPP73RwHqLbR7brZSxzXUgU=,sfg8AU+OQc3RfXlr0eHsor7WEIc=
-18,-141,xRXoAPP73RwHqLbR7brZSxzXUgU=,sfg8AU+OQc3RfXlr0eHsor7WEIc=
-21,-141,xRXoAPP73RwHqLbR7brZSxzXUgU=,sfg8AU+OQc3RfXlr0eHsor7WEIc=
-22,-141,xRXoAPP73RwHqLbR7brZSxzXUgU=,sfg8AU+OQc3RfXlr0eHsor7WEIc=
-23,-141,xRXoAPP73RwHqLbR7brZSxzXUgU=,sfg8AU+OQc3RfXlr0eHsor7WEIc=
-24,-141,xRXoAPP73RwHqLbR7brZSxzXUgU=,sfg8AU+OQc3RfXlr0eHsor7WEIc=
-18,-142,xRXoAPP73RwHqLbR7brZSxzXUgU=,sfg8AU+OQc3RfXlr0eHsor7WEIc=
-20,-142,xRXoAPP73RwHqLbR7brZSxzXUgU=,sfg8AU+OQc3RfXlr0eHsor7WEIc=
-21,-142,xRXoAPP73RwHqLbR7brZSxzXUgU=,sfg8AU+OQc3RfXlr0eHsor7WEIc=
-19,-142,xRXoAPP73RwHqLbR7brZSxzXUgU=,sfg8AU+OQc3RfXlr0eHsor7WEIc=
-18,-129,xRXoAPP73RwHqLbR7brZSxzXUgU=,sfg8AU+OQc3RfXlr0eHsor7WEIc=
-23,-129,xRXoAPP73RwHqLbR7brZSxzXUgU=,sfg8AU+OQc3RfXlr0eHsor7WEIc=
-22,-129,xRXoAPP73RwHqLbR7brZSxzXUgU=,sfg8AU+OQc3RfXlr0eHsor7WEIc=
-21,-129,xRXoAPP73RwHqLbR7brZSxzXUgU=,sfg8AU+OQc3RfXlr0eHsor7WEIc=
-20,-129,xRXoAPP73RwHqLbR7brZSxzXUgU=,sfg8AU+OQc3RfXlr0eHsor7WEIc=
-19,-129,xRXoAPP73RwHqLbR7brZSxzXUgU=,sfg8AU+OQc3RfXlr0eHsor7WEIc=
-24,-144,xRXoAPP73RwHqLbR7brZSxzXUgU=,sfg8AU+OQc3RfXlr0eHsor7WEIc=
-23,-144,xRXoAPP73RwHqLbR7brZSxzXUgU=,sfg8AU+OQc3RfXlr0eHsor7WEIc=
-22,-144,xRXoAPP73RwHqLbR7brZSxzXUgU=,sfg8AU+OQc3RfXlr0eHsor7WEIc=
-21,-144,xRXoAPP73RwHqLbR7brZSxzXUgU=,sfg8AU+OQc3RfXlr0eHsor7WEIc=
-20,-144,xRXoAPP73RwHqLbR7brZSxzXUgU=,sfg8AU+OQc3RfXlr0eHsor7WEIc=
-24,-129,xRXoAPP73RwHqLbR7brZSxzXUgU=,sfg8AU+OQc3RfXlr0eHsor7WEIc=
-17,-142,xRXoAPP73RwHqLbR7brZSxzXUgU=,sfg8AU+OQc3RfXlr0eHsor7WEIc=
-19,-144,xRXoAPP73RwHqLbR7brZSxzXUgU=,sfg8AU+OQc3RfXlr0eHsor7WEIc=
-17,-143,xRXoAPP73RwHqLbR7brZSxzXUgU=,sfg8AU+OQc3RfXlr0eHsor7WEIc=
-17,-141,xRXoAPP73RwHqLbR7brZSxzXUgU=,sfg8AU+OQc3RfXlr0eHsor7WEIc=
-18,-144,xRXoAPP73RwHqLbR7brZSxzXUgU=,sfg8AU+OQc3RfXlr0eHsor7WEIc=
-17,-129,xRXoAPP73RwHqLbR7brZSxzXUgU=,sfg8AU+OQc3RfXlr0eHsor7WEIc=
-17,-144,xRXoAPP73RwHqLbR7brZSxzXUgU=,sfg8AU+OQc3RfXlr0eHsor7WEIc=
-17,-133,xRXoAPP73RwHqLbR7brZSxzXUgU=,sfg8AU+OQc3RfXlr0eHsor7WEIc=
-17,-135,xRXoAPP73RwHqLbR7brZSxzXUgU=,sfg8AU+OQc3RfXlr0eHsor7WEIc=
-17,-132,xRXoAPP73RwHqLbR7brZSxzXUgU=,sfg8AU+OQc3RfXlr0eHsor7WEIc=
-17,-130,xRXoAPP73RwHqLbR7brZSxzXUgU=,sfg8AU+OQc3RfXlr0eHsor7WEIc=
-17,-134,xRXoAPP73RwHqLbR7brZSxzXUgU=,sfg8AU+OQc3RfXlr0eHsor7WEIc=
-17,-140,xRXoAPP73RwHqLbR7brZSxzXUgU=,sfg8AU+OQc3RfXlr0eHsor7WEIc=
-17,-136,xRXoAPP73RwHqLbR7brZSxzXUgU=,sfg8AU+OQc3RfXlr0eHsor7WEIc=
-17,-139,xRXoAPP73RwHqLbR7brZSxzXUgU=,sfg8AU+OQc3RfXlr0eHsor7WEIc=
-17,-138,xRXoAPP73RwHqLbR7brZSxzXUgU=,sfg8AU+OQc3RfXlr0eHsor7WEIc=
-17,-131,xRXoAPP73RwHqLbR7brZSxzXUgU=,sfg8AU+OQc3RfXlr0eHsor7WEIc=
-17,-137,xRXoAPP73RwHqLbR7brZSxzXUgU=,sfg8AU+OQc3RfXlr0eHsor7WEIc=
